# this is a demo-export
#
# Stage :   0.000000  -  186.000000 
# AD-Channels:  undeformt    deformt   Unit
#     AD-0:     0.008545    0.788879    V
#     AD-1:     0.013123    0.290527    V
#
# Time  :  undeformt: 0.000000     [seconds since 01.01.1970]
#            deformt: 44.011938     [seconds since 01.01.1970]
#
#
# Index_x, Index_y, Coordinate-undef (x,y,z), Coord-def (x,y,z), Displ(x,y,z), Strain (x,y,Major, Minor, Thicknessreduction), AD-Channel 1 + 2
#
#  
   2    0  -0.108397 5.887992 6.430720    -0.042883 8.236391 6.420966    0.065515 2.348399 -0.009754             
   3    0  0.668839 5.872955 6.442755    0.728860 8.232521 6.427307    0.060021 2.359566 -0.015448    -0.707641 2.326892 2.328179 -0.708928 1.577463
   4    0  1.448055 5.859084 6.445135    1.505517 8.228492 6.432673    0.057462 2.369408 -0.012462    -0.784825 1.966638 1.966659 -0.784846 1.152930
   5    0  2.231384 5.845210 6.424186    2.281015 8.220816 6.441384    0.049631 2.375605 0.017198    -0.784940 1.591837 1.631320 -0.824423 0.787202
   6    0  3.011741 5.831672 6.426429    3.060327 8.211509 6.444371    0.048586 2.379838 0.017942    -0.186028 1.325499 1.330957 -0.191486 1.124141
   7    0  3.790933 5.815423 6.438819    3.841640 8.200532 6.446418    0.050707 2.385109 0.007599    -0.184530 1.396676 1.421318 -0.209171 1.194727
   8    0  4.572823 5.801563 6.437952    4.620551 8.189045 6.450439    0.047728 2.387481 0.012487    -0.449490 1.220061 1.224247 -0.453677 0.759208
   9    0  5.355749 5.787760 6.434122    5.400540 8.177080 6.455270    0.044791 2.389320 0.021147    -0.384712 1.235599 1.236528 -0.385641 0.839020
  10    0  6.137878 5.773644 6.438483    6.181298 8.162657 6.455615    0.043420 2.389013 0.017132    -0.343769 1.213385 1.219188 -0.349572 0.857930
  11    0  6.922421 5.759552 6.431637    6.963862 8.147879 6.454326    0.041441 2.388327 0.022688    -0.434754 1.394448 1.410262 -0.450568 0.944337
  12    0  7.706314 5.746039 6.432168    7.745139 8.132607 6.454492    0.038824 2.386568 0.022324    -0.571395 1.699508 1.721248 -0.593135 1.105545
  13    0  8.489455 5.731292 6.440052    8.523924 8.115107 6.458060    0.034468 2.383815 0.018008    -0.692842 2.205284 2.217306 -0.704864 1.474739
  14    0  9.274973 5.717571 6.437533    9.304396 8.094733 6.457060    0.029423 2.377162 0.019527             
   2    1  -0.125630 5.118628 6.444216    -0.043648 7.444381 6.418107    0.081982 2.325753 -0.026109    -0.900282 3.116817 3.129516 -0.912981 2.141116
   3    1  0.652301 5.103068 6.451821    0.725375 7.445821 6.433109    0.073074 2.342753 -0.018713    -0.968154 2.880149 2.881187 -0.969192 1.849230
   4    1  1.431515 5.088077 6.454376    1.500152 7.444045 6.433736    0.068637 2.355968 -0.020640    -0.929570 2.453758 2.462168 -0.937980 1.478894
   5    1  2.214252 5.074716 6.437778    2.273788 7.438481 6.437969    0.059536 2.363765 0.000192    -0.938839 2.159237 2.175946 -0.955548 1.185386
   6    1  2.995571 5.060917 6.434129    3.049372 7.430492 6.449315    0.053801 2.369575 0.015186    -0.463410 1.990500 1.996048 -0.468958 1.495039
   7    1  3.773968 5.044003 6.451817    3.827184 7.418788 6.448225    0.053216 2.374785 -0.003592    -0.437806 1.918878 1.918904 -0.437833 1.451297
   8    1  4.555840 5.030123 6.451374    4.604931 7.408492 6.449499    0.049091 2.378369 -0.001875    -0.636816 1.939360 1.942557 -0.640013 1.273679
   9    1  5.338890 5.016146 6.447071    5.384027 7.396746 6.451546    0.045137 2.380600 0.004475    -0.573178 1.933454 1.944448 -0.584172 1.330964
  10    1  6.121601 5.002130 6.448243    6.162944 7.382045 6.459389    0.041343 2.379915 0.011145    -0.526440 1.923485 1.947914 -0.550869 1.367359
  11    1  6.905575 4.987432 6.445032    6.943133 7.365804 6.458821    0.037557 2.378372 0.013789    -0.601164 1.999005 2.031682 -0.633840 1.366045
  12    1  7.690420 4.973269 6.440155    7.722417 7.347543 6.456418    0.031997 2.374273 0.016263    -0.750850 2.224349 2.255947 -0.782449 1.434956
  13    1  8.474380 4.958895 6.443735    8.500458 7.326645 6.453651    0.026078 2.367750 0.009916    -0.862787 2.559205 2.587521 -0.891103 1.645820
  14    1  9.258823 4.944215 6.447609    9.277764 7.303023 6.454075    0.018942 2.358808 0.006465    -0.551295 2.736036 2.799430 -0.614689 2.121548
   2    2  -0.142371 4.346535 6.453771    -0.035578 6.641754 6.420041    0.106794 2.295219 -0.033730    -1.519792 4.515775 4.556358 -1.560376 2.841768
   3    2  0.636605 4.333131 6.455240    0.728897 6.649267 6.432218    0.092291 2.316136 -0.023021    -1.494424 4.444782 4.458875 -1.508517 2.802302
   4    2  1.415584 4.318245 6.459863    1.499440 6.649980 6.433294    0.083856 2.331735 -0.026569    -1.324615 4.352233 4.383270 -1.355652 2.882634
   5    2  2.195720 4.303292 6.460303    2.269504 6.645393 6.436103    0.073784 2.342101 -0.024201    -1.327768 4.273402 4.304665 -1.359031 2.806116
   6    2  2.977304 4.289224 6.455100    3.041945 6.639219 6.441186    0.064641 2.349995 -0.013914    -1.079390 4.176249 4.185675 -1.088817 2.960937
   7    2  3.758560 4.273384 6.455182    3.816735 6.628537 6.444607    0.058175 2.355153 -0.010575    -1.037132 4.066073 4.066416 -1.037475 2.900134
   8    2  4.541454 4.259552 6.448867    4.591647 6.617190 6.441791    0.050193 2.357638 -0.007076    -1.041254 4.019887 4.024410 -1.045777 2.852774
   9    2  5.323636 4.245000 6.450313    5.366027 6.603916 6.441302    0.042391 2.358916 -0.009010    -0.954972 3.952908 3.975465 -0.977529 2.874030
  10    2  6.105307 4.229988 6.458038    6.140439 6.589473 6.448081    0.035132 2.359485 -0.009957    -0.951335 3.843530 3.893864 -1.001669 2.774042
  11    2  6.889684 4.215244 6.452777    6.917781 6.574211 6.456556    0.028097 2.358967 0.003780    -0.997150 3.727612 3.790150 -1.059689 2.619817
  12    2  7.674017 4.201389 6.451345    7.694112 6.554271 6.452164    0.020095 2.352883 0.000819    -1.126702 3.688091 3.753419 -1.192031 2.454867
  13    2  8.458397 4.186966 6.452811    8.468511 6.531344 6.461373    0.010114 2.344378 0.008562    -1.259232 3.766709 3.833722 -1.326245 2.397729
  14    2  9.245667 4.171775 6.440799    9.246062 6.504682 6.462105    0.000395 2.332907 0.021306    -1.030267 3.809098 3.926164 -1.147333 2.661038
   2    3  -0.160018 3.576907 6.470045    -0.021995 5.831022 6.416623    0.138024 2.254115 -0.053422    -2.347289 6.178982 6.238453 -2.406760 3.550823
   3    3  0.619571 3.562603 6.467517    0.739766 5.837656 6.425162    0.120195 2.275053 -0.042355    -2.101646 6.414199 6.448879 -2.136327 4.007480
   4    3  1.399727 3.548110 6.464817    1.505479 5.837458 6.426460    0.105752 2.289347 -0.038357    -1.906430 6.831138 6.871827 -1.947119 4.571871
   5    3  2.179646 3.533508 6.467209    2.271527 5.830085 6.410675    0.091881 2.296577 -0.056534    -1.801431 7.093570 7.116439 -1.824300 4.908901
   6    3  2.960808 3.518396 6.464929    3.039905 5.823964 6.404539    0.079097 2.305568 -0.060389    -1.696342 7.159059 7.162612 -1.699896 5.070164
   7    3  3.742994 3.503509 6.459723    3.807257 5.816352 6.422510    0.064263 2.312842 -0.037213    -1.698050 7.062546 7.062575 -1.698079 4.983219
   8    3  4.525373 3.488476 6.456827    4.575584 5.804865 6.425485    0.050211 2.316389 -0.031342    -1.609951 6.864996 6.868444 -1.613398 4.892547
   9    3  5.307351 3.473294 6.459799    5.346671 5.792111 6.422719    0.039319 2.318817 -0.037080    -1.483904 6.647762 6.667109 -1.503251 4.819589
  10    3  6.089092 3.457852 6.467393    6.116909 5.778925 6.428507    0.027816 2.321073 -0.038886    -1.479255 6.415314 6.464856 -1.528797 4.614033
  11    3  6.873478 3.442050 6.462257    6.889007 5.763373 6.442007    0.015529 2.321322 -0.020250    -1.536040 6.093542 6.167464 -1.609962 4.267934
  12    3  7.657493 3.427952 6.463011    7.661591 5.745881 6.449340    0.004097 2.317929 -0.013671    -1.661597 5.648855 5.748329 -1.761072 3.740662
  13    3  8.442790 3.413994 6.459583    8.433095 5.725274 6.460279    -0.009695 2.311280 0.000696    -1.689952 5.188662 5.290839 -1.792130 3.291840
  14    3  9.230490 3.398408 6.445429    9.205781 5.697456 6.459379    -0.024709 2.299048 0.013949    -1.748700 4.949525 5.071388 -1.870563 3.012398
   2    4  -0.176270 2.807625 6.476897    -0.007656 5.011811 6.407573    0.168614 2.204186 -0.069324    -3.445646 6.772697 6.831993 -3.504941 2.995117
   3    4  0.602658 2.793119 6.479209    0.750390 5.010400 6.409951    0.147731 2.217281 -0.069258    -2.572602 7.583482 7.596334 -2.585454 4.593335
   4    4  1.383093 2.777686 6.474854    1.510564 5.003326 6.406549    0.127472 2.225640 -0.068305    -2.472738 8.155696 8.164944 -2.481985 5.195572
   5    4  2.162747 2.762621 6.479267    2.270077 4.994854 6.384601    0.107329 2.232233 -0.094666    -2.277022 8.427766 8.429790 -2.279046 5.623539
   6    4  2.944131 2.746695 6.475764    3.034614 4.986198 6.378532    0.090483 2.239503 -0.097232    -2.132456 8.520662 8.520999 -2.132792 5.843779
   7    4  3.725905 2.732017 6.473574    3.798000 4.978403 6.390874    0.072095 2.246385 -0.082701    -2.138055 8.544822 8.546056 -2.139289 5.859264
   8    4  4.507954 2.716824 6.473025    4.562686 4.968926 6.385954    0.054732 2.252102 -0.087071    -2.034966 8.408201 8.410995 -2.037759 5.839672
   9    4  5.290948 2.701693 6.470072    5.328370 4.958735 6.395266    0.037422 2.257042 -0.074806    -1.965138 8.226063 8.234762 -1.973837 5.747858
  10    4  6.072888 2.685839 6.476751    6.095102 4.946168 6.404330    0.022214 2.260329 -0.072421    -1.979674 7.974439 7.996231 -2.001467 5.513051
  11    4  6.856520 2.670701 6.476600    6.861227 4.934218 6.428864    0.004707 2.263517 -0.047735    -2.055977 7.626482 7.667989 -2.097484 5.132043
  12    4  7.641213 2.656094 6.473584    7.628448 4.921864 6.427821    -0.012765 2.265770 -0.045763    -2.195280 7.015865 7.080818 -2.260233 4.453008
  13    4  8.426787 2.641319 6.468751    8.394574 4.907543 6.449107    -0.032212 2.266224 -0.019644    -2.082971 6.072862 6.150106 -2.160216 3.713793
  14    4  9.212762 2.626033 6.464869    9.166295 4.885606 6.457544    -0.046467 2.259573 -0.007325    -2.471335 5.553007 5.609655 -2.527983 2.855902
   1    5  -0.995735 2.041353 6.650077    -0.778997 4.195143 6.439748    0.216738 2.153790 -0.210329             
   2    5  -0.192843 2.037851 6.485836    -0.009592 4.189306 6.432846    0.183251 2.151456 -0.052989    -3.960712 7.801345 7.802132 -3.961498 3.411088
   3    5  0.585554 2.023948 6.492260    0.745332 4.179212 6.420975    0.159778 2.155264 -0.071285    -2.887309 7.921651 7.934926 -2.900583 4.583961
   4    5  1.366068 2.007504 6.487534    1.504052 4.168353 6.414462    0.137984 2.160850 -0.073072    -2.652256 8.436345 8.451204 -2.667115 5.265967
   5    5  2.146815 1.991662 6.485054    2.260738 4.158813 6.406855    0.113923 2.167151 -0.078199    -2.381942 8.615364 8.626482 -2.393059 5.684389
   6    5  2.927941 1.976035 6.483717    3.023441 4.148854 6.390149    0.095500 2.172818 -0.093568    -2.262724 8.797699 8.809053 -2.274079 5.957277
   7    5  3.708908 1.961171 6.486996    3.786409 4.140838 6.398867    0.077501 2.179667 -0.088129    -2.165430 8.841592 8.849061 -2.172899 6.089073
   8    5  4.490997 1.945191 6.486387    4.551284 4.131143 6.386784    0.060288 2.185952 -0.099603    -2.138469 8.823247 8.826023 -2.141245 6.099575
   9    5  5.274817 1.929772 6.478650    5.316737 4.122352 6.395523    0.041919 2.192580 -0.083128    -2.237570 8.715656 8.717430 -2.239344 5.911463
  10    5  6.057359 1.913490 6.482016    6.080187 4.109981 6.402444    0.022828 2.196491 -0.079572    -2.249959 8.482940 8.484678 -2.251697 5.697682
  11    5  6.840880 1.898454 6.482978    6.845375 4.100974 6.414741    0.004495 2.202519 -0.068237    -2.334632 8.123804 8.127311 -2.338138 5.302263
  12    5  7.625463 1.883605 6.480974    7.608918 4.091421 6.432710    -0.016545 2.207816 -0.048264    -2.507609 7.587352 7.593133 -2.513391 4.661025
  13    5  8.410256 1.868204 6.480946    8.371889 4.083211 6.448134    -0.038368 2.215006 -0.032812    -2.315132 6.601937 6.614369 -2.327564 3.968826
  14    5  9.196158 1.853958 6.477993    9.141952 4.077997 6.467736    -0.054205 2.224039 -0.010257    -2.873058 6.031640 6.069921 -2.911340 2.895525
   2    6  -0.214270 1.268656 6.527940    -0.036081 3.363244 6.508217    0.178189 2.094589 -0.019723    -3.488364 8.501333 8.525119 -3.512149 4.501379
   3    6  0.564837 1.254319 6.529430    0.717810 3.344295 6.495592    0.152973 2.089976 -0.033838    -2.793482 8.476593 8.548027 -2.864916 5.157729
   4    6  1.347492 1.236252 6.510241    1.475776 3.333811 6.424797    0.128284 2.097559 -0.085444    -2.448436 8.666599 8.725625 -2.507461 5.659819
   5    6  2.130427 1.221388 6.493957    2.244460 3.319410 6.439563    0.114033 2.098022 -0.054393    -2.199842 8.660173 8.683882 -2.223551 5.897623
   6    6  2.910347 1.205346 6.500677    3.006428 3.309158 6.445006    0.096081 2.103812 -0.055671    -2.132344 8.795567 8.818780 -2.155558 6.079589
   7    6  3.691348 1.190000 6.503937    3.771131 3.301029 6.448721    0.079783 2.111030 -0.055216    -1.998609 8.766418 8.779520 -2.011712 6.183616
   8    6  4.473999 1.174007 6.500120    4.539702 3.289721 6.445322    0.065704 2.115714 -0.054797    -1.942876 8.739965 8.744617 -1.947528 6.214935
   9    6  5.257515 1.157856 6.494443    5.307557 3.279291 6.442299    0.050043 2.121435 -0.052144    -2.163602 8.635679 8.636511 -2.164434 5.913475
  10    6  6.040487 1.141693 6.495531    6.071340 3.271485 6.453571    0.030853 2.129792 -0.041960    -2.229682 8.495944 8.496042 -2.229780 5.728696
  11    6  6.824816 1.126345 6.491951    6.839216 3.263496 6.458565    0.014400 2.137151 -0.033386    -2.244078 8.264456 8.265861 -2.245482 5.513094
  12    6  7.609052 1.110536 6.492196    7.604112 3.257302 6.476948    -0.004940 2.146766 -0.015248    -2.399571 7.966424 7.968263 -2.401410 5.101283
  13    6  8.393052 1.095136 6.497104    8.368789 3.254974 6.484604    -0.024263 2.159838 -0.012500    -2.295172 7.502331 7.502471 -2.295312 4.793599
  14    6  9.176888 1.081093 6.506249    9.133549 3.259759 6.502063    -0.043339 2.178666 -0.004186    -2.672517 7.237038 7.252566 -2.688045 4.186631
   2    7  -0.232534 0.499458 6.548509    -0.066934 2.526172 6.549938    0.165600 2.026714 0.001429    -1.460310 7.674181 7.830693 -1.616823 5.737976
   3    7  0.549266 0.484205 6.532022    0.693647 2.507965 6.553625    0.144380 2.023760 0.021604    -2.335223 7.889274 7.954176 -2.400125 5.090149
   4    7  1.330770 0.465367 6.520814    1.457148 2.498811 6.497308    0.126378 2.033445 -0.023506    -1.997273 7.736962 7.785003 -2.045314 5.285506
   5    7  2.111634 0.450679 6.518413    2.224053 2.483682 6.509105    0.112419 2.033003 -0.009307    -1.871874 7.671746 7.685224 -1.885352 5.352306
   6    7  2.891931 0.434708 6.522921    2.989594 2.475765 6.511826    0.097663 2.041057 -0.011095    -1.908334 7.453438 7.474752 -1.929649 5.124120
   7    7  3.673342 0.418558 6.523662    3.756444 2.465568 6.504210    0.083103 2.047010 -0.019452    -1.779905 7.372157 7.383477 -1.791225 5.177316
   8    7  4.455309 0.402234 6.524282    4.524909 2.456512 6.509147    0.069601 2.054279 -0.015136    -1.691714 7.293243 7.298053 -1.696524 5.193244
   9    7  5.238540 0.386431 6.520597    5.296112 2.447588 6.506413    0.057572 2.061157 -0.014184    -1.881617 7.231901 7.233307 -1.883024 4.955686
  10    7  6.022578 0.370264 6.515402    6.063387 2.439344 6.511614    0.040809 2.069080 -0.003788    -1.945598 7.238984 7.239152 -1.945766 4.900052
  11    7  6.806751 0.354321 6.512888    6.833251 2.430417 6.514671    0.026500 2.076096 0.001783    -1.937001 7.255702 7.258965 -1.940264 4.922955
  12    7  7.590750 0.338344 6.514713    7.601788 2.424301 6.522844    0.011038 2.085958 0.008131    -2.054893 7.312778 7.315890 -2.058004 4.859151
  13    7  8.376000 0.321981 6.512417    8.371641 2.421961 6.536567    -0.004359 2.099980 0.024150    -2.119117 7.463459 7.464433 -2.120091 4.930394
  14    7  9.160875 0.306429 6.515666    9.140289 2.423623 6.543728    -0.020586 2.117193 0.028062    -1.994533 7.574132 7.576672 -1.997073 5.148796
   1    8  -1.025361 -0.255461 6.539263    -0.889991 1.721585 6.662176    0.135370 1.977046 0.122913             
   2    8  -0.246122 -0.271872 6.536819    -0.095991 1.699508 6.549093    0.150131 1.971380 0.012273    -0.568199 6.302963 6.355043 -0.620279 5.388454
   3    8  0.533861 -0.290388 6.532610    0.671435 1.681799 6.558206    0.137574 1.972188 0.025596    -1.770727 6.248808 6.313724 -1.835642 4.179852
   4    8  1.313726 -0.306559 6.533311    1.440947 1.671425 6.555984    0.127221 1.977984 0.022673    -1.634469 5.934322 5.973698 -1.673844 4.030584
   5    8  2.092843 -0.319979 6.542876    2.206123 1.665072 6.553691    0.113279 1.985051 0.010814    -1.619720 5.921873 5.937380 -1.635227 4.035373
   6    8  2.874646 -0.336526 6.537832    2.974943 1.655140 6.551454    0.100297 1.991667 0.013622    -1.659678 5.798156 5.813710 -1.675231 3.884125
   7    8  3.655975 -0.353147 6.539332    3.743364 1.645116 6.540493    0.087390 1.998263 0.001161    -1.619249 5.800304 5.808578 -1.627523 3.926079
   8    8  4.438659 -0.370415 6.535641    4.514078 1.635520 6.546615    0.075419 2.005935 0.010974    -1.534476 5.788209 5.791916 -1.538183 3.998134
   9    8  5.221515 -0.385897 6.534681    5.285140 1.626773 6.545873    0.063625 2.012670 0.011193    -1.592219 5.837343 5.837843 -1.592720 3.986614
  10    8  6.005530 -0.401739 6.530017    6.056796 1.618293 6.547751    0.051266 2.020031 0.017734    -1.623878 5.872112 5.872344 -1.624111 3.987274
  11    8  6.789464 -0.417837 6.529207    6.829125 1.609075 6.555515    0.039661 2.026912 0.026308    -1.639015 5.935254 5.938069 -1.641831 4.029555
  12    8  7.573355 -0.434434 6.531848    7.600121 1.601500 6.556948    0.026766 2.035933 0.025099    -1.726342 6.127881 6.130823 -1.729284 4.118604
  13    8  8.359132 -0.450800 6.526775    8.372636 1.595807 6.565555    0.013504 2.046607 0.038780    -1.834527 6.520848 6.522574 -1.836253 4.367123
  14    8  9.144143 -0.468409 6.529213    9.142031 1.591706 6.575318    -0.002112 2.060115 0.046105    -1.824431 6.773548 6.778083 -1.828967 4.603044
   1    9  -1.044722 -1.029851 6.566072    -0.892825 0.891996 6.621939    0.151896 1.921847 0.055867    -0.262351 4.851555 4.859501 -0.270297 4.375828
   2    9  -0.263575 -1.042135 6.551662    -0.117104 0.881138 6.564110    0.146471 1.923272 0.012448    -0.385848 4.951828 4.960543 -0.394563 4.348698
   3    9  0.515802 -1.058883 6.552230    0.652059 0.872654 6.561319    0.136258 1.931537 0.009090    -1.449063 5.190553 5.228596 -1.487106 3.534250
   4    9  1.295401 -1.074689 6.555027    1.420338 0.865231 6.566180    0.124937 1.939919 0.011153    -1.313720 4.949254 4.992359 -1.356825 3.444890
   5    9  2.076662 -1.090751 6.550393    2.192093 0.853547 6.561645    0.115431 1.944298 0.011252    -1.323538 4.776674 4.800742 -1.347606 3.277389
   6    9  2.858441 -1.107700 6.545871    2.963137 0.842926 6.559926    0.104696 1.950626 0.014055    -1.485504 4.621291 4.630963 -1.495177 2.975307
   7    9  3.640723 -1.124839 6.541707    3.733615 0.833659 6.552981    0.092892 1.958499 0.011274    -1.507441 4.604928 4.609131 -1.511643 2.938832
   8    9  4.422617 -1.141190 6.543600    4.504586 0.824049 6.548425    0.081969 1.965239 0.004825    -1.430747 4.639391 4.640661 -1.432016 3.046464
   9    9  5.205533 -1.157470 6.542558    5.276140 0.813928 6.557037    0.070608 1.971398 0.014479    -1.443166 4.738632 4.738785 -1.443318 3.126187
  10    9  5.989343 -1.173843 6.539453    6.050094 0.804433 6.562253    0.060751 1.978276 0.022800    -1.384393 4.771972 4.771994 -1.384415 3.214737
  11    9  6.772757 -1.190344 6.542059    6.822902 0.795146 6.562081    0.050144 1.985489 0.020022    -1.386978 4.873057 4.873253 -1.387174 3.305481
  12    9  7.557789 -1.207623 6.538232    7.596840 0.785417 6.567198    0.039050 1.993040 0.028966    -1.513779 5.069908 5.072244 -1.516114 3.362248
  13    9  8.343797 -1.223976 6.532250    8.370839 0.775736 6.569620    0.027041 1.999712 0.037370    -1.635604 5.429214 5.432135 -1.638525 3.572264
  14    9  9.129257 -1.241289 6.532602    9.143487 0.766680 6.577196    0.014230 2.007969 0.044594    -1.512566 5.648728 5.671195 -1.535033 3.891536
   1   10  -1.065419 -1.798422 6.603336    -0.913854 0.112017 6.706570    0.151565 1.910438 0.103234             
   2   10  -0.280637 -1.812440 6.563842    -0.130969 0.074771 6.571551    0.149668 1.887211 0.007708    -0.920134 4.605396 4.619261 -0.933999 3.514130
   3   10  0.499833 -1.829223 6.557482    0.635917 0.063645 6.543233    0.136084 1.892868 -0.014249    -1.430715 4.584215 4.599083 -1.445584 2.994573
   4   10  1.280334 -1.845319 6.554777    1.406392 0.054896 6.550469    0.126059 1.900215 -0.004308    -1.151653 4.319642 4.353893 -1.185905 3.022174
   5   10  2.060911 -1.862235 6.554999    2.180423 0.049770 6.560855    0.119513 1.912005 0.005856    -1.126659 3.969610 3.986743 -1.143792 2.721228
   6   10  2.841824 -1.879996 6.556366    2.953111 0.040212 6.556123    0.111287 1.920208 -0.000242    -1.376582 3.716141 3.720428 -1.380869 2.236998
   7   10  3.624718 -1.897462 6.548683    3.723303 0.030297 6.557040    0.098585 1.927760 0.008357    -1.435504 3.721707 3.723719 -1.437516 2.183914
   8   10  4.407161 -1.913145 6.547741    4.495787 0.020566 6.553814    0.088626 1.933712 0.006073    -1.383250 3.753055 3.753214 -1.383409 2.265374
   9   10  5.190243 -1.929887 6.546078    5.268275 0.009906 6.556270    0.078032 1.939794 0.010192    -1.410577 3.826169 3.826178 -1.410586 2.307135
  10   10  5.973612 -1.947222 6.545957    6.040430 -0.002369 6.561134    0.066818 1.944853 0.015177    -1.371036 3.902724 3.904075 -1.372387 2.418184
  11   10  6.757206 -1.963451 6.547976    6.815310 -0.010547 6.560133    0.058104 1.952905 0.012158    -1.273255 4.017961 4.019800 -1.275094 2.622806
  12   10  7.541965 -1.980846 6.546171    7.590633 -0.022628 6.563586    0.048668 1.958218 0.017415    -1.304862 4.136941 4.137143 -1.305064 2.702996
  13   10  8.328097 -1.998235 6.539706    8.365213 -0.035890 6.572612    0.037116 1.962345 0.032905    -1.431591 4.332756 4.334609 -1.433443 2.760655
  14   10  9.114547 -2.013124 6.535213    9.140919 -0.043557 6.573085    0.026372 1.969568 0.037872    -1.272274 4.434496 4.443816 -1.281594 3.011747
   2   11  -0.298118 -2.579987 6.579426    -0.142169 -0.726272 6.560434    0.155949 1.853716 -0.018992    -1.389599 4.680983 4.730985 -1.439601 3.122626
   3   11  0.484259 -2.596213 6.560751    0.627291 -0.738160 6.552645    0.143032 1.858053 -0.008106    -1.372903 3.649896 3.654999 -1.378007 2.178128
   4   11  1.264308 -2.616946 6.560673    1.398708 -0.746794 6.555797    0.134400 1.870152 -0.004875    -1.100986 3.450783 3.476035 -1.126239 2.258462
   5   11  2.044723 -2.634690 6.562279    2.171366 -0.748186 6.555055    0.126643 1.886504 -0.007223    -1.126909 3.322944 3.335927 -1.139892 2.112423
   6   11  2.825946 -2.651545 6.562289    2.942931 -0.758316 6.550479    0.116985 1.893229 -0.011810    -1.339242 3.386963 3.389718 -1.341997 1.962929
   7   11  3.608709 -2.668410 6.556025    3.714795 -0.767833 6.547800    0.106086 1.900578 -0.008225    -1.399083 3.363450 3.364658 -1.400292 1.881184
   8   11  4.391608 -2.685197 6.552498    4.487212 -0.777948 6.553312    0.095604 1.907249 0.000813    -1.410004 3.345555 3.345718 -1.410167 1.853372
   9   11  5.174875 -2.702449 6.550095    5.259505 -0.789753 6.549333    0.084631 1.912696 -0.000762    -1.503373 3.303316 3.303609 -1.503665 1.720161
  10   11  5.958694 -2.718852 6.547897    6.031691 -0.801812 6.547429    0.072997 1.917041 -0.000468    -1.476995 3.354649 3.358780 -1.481127 1.795093
  11   11  6.743566 -2.735583 6.542738    6.804683 -0.811635 6.551373    0.061117 1.923948 0.008635    -1.203623 3.452168 3.456091 -1.207545 2.159163
  12   11  7.526138 -2.754018 6.554186    7.579678 -0.825146 6.555554    0.053540 1.928872 0.001368    -1.142832 3.584863 3.585337 -1.143306 2.344742
  13   11  8.311898 -2.770907 6.550362    8.356376 -0.837946 6.559642    0.044478 1.932961 0.009279    -1.285292 3.703878 3.703929 -1.285343 2.316064
  14   11  9.097982 -2.787394 6.548063    9.132056 -0.850096 6.555125    0.034074 1.937298 0.007062    -1.197861 3.747625 3.750723 -1.200960 2.443516
   1   12  -1.099279 -3.333796 6.626102    -0.920380 -1.516823 6.558136    0.178899 1.816973 -0.067965             
   2   12  -0.311983 -3.348500 6.570210    -0.149883 -1.522656 6.561121    0.162099 1.825843 -0.009089    -1.354843 2.282244 2.285601 -1.358200 0.888395
   3   12  0.469015 -3.364480 6.561566    0.620989 -1.530011 6.549578    0.151975 1.834469 -0.011989    -1.317398 2.772735 2.773298 -1.317961 1.398938
   4   12  1.247299 -3.387768 6.573217    1.390891 -1.537404 6.548640    0.143593 1.850363 -0.024577    -1.190202 2.937593 2.948523 -1.201132 1.683160
   5   12  2.028832 -3.405618 6.567939    2.162746 -1.546288 6.542367    0.133915 1.859330 -0.025572    -1.311819 3.193945 3.197301 -1.315174 1.806830
   6   12  2.810752 -3.423808 6.563742    2.934279 -1.556105 6.543358    0.123527 1.867703 -0.020384    -1.386435 3.334835 3.336625 -1.388226 1.866576
   7   12  3.593232 -3.440234 6.559881    3.706467 -1.564821 6.541561    0.113235 1.875413 -0.018320    -1.426358 3.293407 3.296045 -1.428996 1.787419
   8   12  4.375808 -3.457712 6.558736    4.478375 -1.575558 6.538585    0.102567 1.882154 -0.020151    -1.497126 3.256386 3.257914 -1.498654 1.681671
   9   12  5.158318 -3.474558 6.561495    5.248014 -1.586416 6.540909    0.089696 1.888142 -0.020586    -1.563578 3.180639 3.183075 -1.566014 1.543030
  10   12  5.943669 -3.492472 6.550187    6.020610 -1.597936 6.540492    0.076941 1.894535 -0.009695    -1.548144 3.143757 3.145897 -1.550284 1.523280
  11   12  6.730852 -3.510521 6.531565    6.795018 -1.611563 6.541350    0.064166 1.898958 0.009784    -1.250421 3.181694 3.182058 -1.250785 1.856360
  12   12  7.510784 -3.527291 6.559456    7.569162 -1.625220 6.544609    0.058378 1.902070 -0.014847    -1.139892 3.289241 3.289381 -1.140032 2.068173
  13   12  8.295520 -3.543865 6.562053    8.344072 -1.637880 6.548775    0.048551 1.905985 -0.013279    -1.205007 3.334392 3.335203 -1.205817 2.046416
  14   12  9.081790 -3.563462 6.558559    9.121997 -1.653646 6.539855    0.040207 1.909816 -0.018705    -1.000813 3.333674 3.333675 -1.000813 2.247810
   1   13  -1.121460 -4.110248 6.672013    -0.944407 -2.295610 6.645944    0.177052 1.814639 -0.026069    -0.733108 3.388713 3.623105 -0.967499 2.553633
   2   13  -0.332666 -4.127515 6.605326    -0.157635 -2.319158 6.559814    0.175031 1.808357 -0.045512    -1.213273 3.179698 3.179729 -1.213304 1.891382
   3   13  0.451408 -4.142703 6.576294    0.614638 -2.325281 6.546849    0.163230 1.817422 -0.029445    -1.200171 2.898494 2.898494 -1.200172 1.636315
   4   13  1.231663 -4.159214 6.576609    1.386099 -2.333186 6.541129    0.154436 1.826029 -0.035480    -1.403794 3.086849 3.087281 -1.404226 1.613250
   5   13  2.012940 -4.177477 6.573450    2.155657 -2.343535 6.532413    0.142717 1.833942 -0.041037    -1.465272 3.243726 3.243753 -1.465299 1.701472
   6   13  2.795085 -4.195024 6.568428    2.926230 -2.353643 6.528387    0.131145 1.841382 -0.040042    -1.472880 3.309860 3.310290 -1.473310 1.756795
   7   13  3.577171 -4.212482 6.567363    3.696794 -2.362485 6.536804    0.119623 1.849997 -0.030559    -1.539968 3.347551 3.350245 -1.542663 1.725599
   8   13  4.358966 -4.229776 6.571554    4.466105 -2.373267 6.529204    0.107139 1.856509 -0.042349    -1.632639 3.315442 3.318498 -1.635695 1.602427
   9   13  5.141502 -4.247798 6.574319    5.236396 -2.385430 6.530360    0.094893 1.862369 -0.043958    -1.640259 3.313355 3.318058 -1.644962 1.592737
  10   13  5.925037 -4.266712 6.574159    6.007435 -2.397015 6.531179    0.082398 1.869697 -0.042979    -1.576401 3.287078 3.288996 -1.578319 1.631701
  11   13  6.710557 -4.283867 6.565781    6.782320 -2.409152 6.531525    0.071762 1.874715 -0.034256    -1.310884 3.258330 3.259064 -1.311618 1.869099
  12   13  7.495978 -4.300575 6.561549    7.558189 -2.423372 6.531693    0.062210 1.877203 -0.029856    -1.242050 3.174324 3.175990 -1.243715 1.857614
  13   13  8.280324 -4.317778 6.566805    8.331320 -2.436873 6.539119    0.050997 1.880906 -0.027686    -1.192706 3.119018 3.125233 -1.198920 1.853827
  14   13  9.065529 -4.337609 6.569809    9.109037 -2.451864 6.545115    0.043508 1.885745 -0.024694    -0.947688 3.097598 3.105101 -0.955190 2.076230
   1   14  -1.137967 -4.864629 6.683078    -0.946820 -3.110633 6.612762    0.191147 1.753996 -0.070316    -1.102947 3.133317 3.410986 -1.380617 1.944708
   2   14  -0.346195 -4.894928 6.594062    -0.165844 -3.110745 6.578606    0.180351 1.784183 -0.015455    -0.835801 3.342080 3.401085 -0.894807 2.416028
   3   14  0.434545 -4.913223 6.587533    0.612629 -3.123942 6.515230    0.178083 1.789281 -0.072303    -1.363412 3.345380 3.347834 -1.365866 1.899463
   4   14  1.215236 -4.930640 6.585230    1.378988 -3.129165 6.531142    0.163752 1.801476 -0.054088    -1.694994 3.326147 3.326161 -1.695008 1.550360
   5   14  1.996730 -4.947610 6.581361    2.148675 -3.138005 6.523628    0.151945 1.809605 -0.057733    -1.570112 3.246463 3.246653 -1.570302 1.599373
   6   14  2.778719 -4.966914 6.577483    2.918078 -3.151321 6.526217    0.139359 1.815593 -0.051266    -1.610224 3.289531 3.290199 -1.610893 1.600280
   7   14  3.560862 -4.984090 6.576548    3.688307 -3.160747 6.523366    0.127445 1.823342 -0.053182    -1.701430 3.329385 3.331166 -1.703211 1.546913
   8   14  4.342803 -5.001886 6.580178    4.455475 -3.171491 6.527075    0.112672 1.830395 -0.053103    -1.727693 3.337925 3.340245 -1.730013 1.528713
   9   14  5.125285 -5.020780 6.583562    5.224940 -3.183440 6.525900    0.099654 1.837341 -0.057661    -1.670454 3.382362 3.386052 -1.674144 1.628269
  10   14  5.909035 -5.038549 6.582718    5.995455 -3.196376 6.529182    0.086420 1.842173 -0.053536    -1.583575 3.390387 3.394365 -1.587553 1.722727
  11   14  6.694729 -5.055997 6.573682    6.769562 -3.207920 6.525023    0.074834 1.848077 -0.048659    -1.473210 3.314208 3.320343 -1.479345 1.760335
  12   14  7.480080 -5.074384 6.570013    7.544035 -3.221353 6.523897    0.063955 1.853032 -0.046116    -1.429700 3.199038 3.208351 -1.439013 1.693980
  13   14  8.265118 -5.091758 6.571647    8.318325 -3.233749 6.526966    0.053207 1.858009 -0.044681    -1.268602 3.093432 3.108864 -1.284034 1.753611
  14   14  9.050819 -5.109867 6.572548    9.095661 -3.248263 6.533734    0.044842 1.861604 -0.038813    -0.999069 3.095402 3.114246 -1.017913 2.022868
   1   15  -1.148319 -5.637050 6.648040    -0.944097 -3.869305 6.591669    0.204223 1.767745 -0.056371    -1.094981 2.905218 3.280081 -1.469845 1.731515
   2   15  -0.363730 -5.666014 6.609333    -0.165280 -3.908905 6.544366    0.198451 1.757109 -0.064966    -0.670386 2.942684 2.943133 -0.670835 2.202932
   3   15  0.417603 -5.683107 6.599431    0.609285 -3.920368 6.502592    0.191682 1.762739 -0.096839    -1.479320 3.285452 3.286306 -1.480175 1.727135
   4   15  1.199691 -5.702285 6.588018    1.372295 -3.925287 6.530926    0.172604 1.776998 -0.057092    -1.883662 3.291871 3.294053 -1.885844 1.328209
   5   15  1.980714 -5.719596 6.587689    2.140665 -3.936452 6.519336    0.159951 1.783145 -0.068354    -1.700826 3.375107 3.375211 -1.700930 1.591144
   6   15  2.762746 -5.738642 6.584078    2.910288 -3.948435 6.516828    0.147542 1.790207 -0.067249    -1.688827 3.372957 3.374436 -1.690307 1.601041
   7   15  3.544696 -5.756228 6.584766    3.677503 -3.957377 6.516282    0.132807 1.798851 -0.068484    -1.769555 3.364520 3.365900 -1.770934 1.512140
   8   15  4.326716 -5.774665 6.588247    4.445800 -3.970947 6.517524    0.119085 1.803719 -0.070724    -1.822603 3.388558 3.389572 -1.823617 1.481853
   9   15  5.109724 -5.793841 6.588815    5.214588 -3.983048 6.518106    0.104865 1.810793 -0.070709    -1.789080 3.361974 3.363817 -1.790923 1.490111
  10   15  5.892765 -5.811469 6.592746    5.984899 -3.995081 6.515878    0.092134 1.816388 -0.076867    -1.682636 3.330954 3.333096 -1.684778 1.567210
  11   15  6.677989 -5.828831 6.586919    6.756740 -4.007264 6.519118    0.078751 1.821567 -0.067801    -1.606659 3.283779 3.288469 -1.611349 1.598175
  12   15  7.463320 -5.847070 6.583752    7.529124 -4.018015 6.520703    0.065804 1.829055 -0.063049    -1.567921 3.256858 3.266815 -1.577878 1.611012
  13   15  8.249411 -5.865047 6.579546    8.303386 -4.031988 6.515129    0.053974 1.833059 -0.064417    -1.393444 3.199169 3.213289 -1.407564 1.730039
  14   15  9.034332 -5.882975 6.585343    9.078209 -4.045218 6.516717    0.043877 1.837757 -0.068626    -1.364632 3.151335 3.169353 -1.382651 1.713026
   1   16  -1.169785 -6.424430 6.686936    -0.963780 -4.706592 6.653757    0.206006 1.717838 -0.033179    0.946123 4.577873 4.593494 0.930501 5.273193
   2   16  -0.379428 -6.437341 6.612072    -0.169798 -4.705779 6.545851    0.209631 1.731562 -0.066222    -0.650877 4.130400 4.130640 -0.651116 3.337400
   3   16  0.401736 -6.455232 6.603723    0.598647 -4.714608 6.538268    0.196910 1.740624 -0.065455    -1.701218 3.390156 3.390230 -1.701291 1.605078
   4   16  1.183549 -6.473639 6.594803    1.367072 -4.723904 6.527104    0.183523 1.749736 -0.067699    -1.982508 3.424707 3.424783 -1.982583 1.355669
   5   16  1.964825 -6.492404 6.593073    2.132214 -4.735904 6.518773    0.167389 1.756500 -0.074300    -1.836269 3.538715 3.540251 -1.837805 1.611005
   6   16  2.746257 -6.510382 6.593988    2.900301 -4.747012 6.510242    0.154044 1.763370 -0.083746    -1.777033 3.554671 3.554686 -1.777047 1.685571
   7   16  3.527763 -6.528374 6.597836    3.668290 -4.756933 6.510548    0.140527 1.771441 -0.087288    -1.828077 3.541944 3.541982 -1.828115 1.622361
   8   16  4.310248 -6.546799 6.598814    4.437122 -4.769072 6.509262    0.126874 1.777727 -0.089552    -1.878451 3.531693 3.531755 -1.878512 1.562109
   9   16  5.094539 -6.567116 6.591765    5.205920 -4.783031 6.509134    0.111381 1.784085 -0.082631    -1.867751 3.463440 3.464009 -1.868320 1.507884
  10   16  5.877003 -6.585318 6.599592    5.973645 -4.793890 6.519412    0.096641 1.791428 -0.080180    -1.806860 3.439277 3.439722 -1.807306 1.545974
  11   16  6.661651 -6.603059 6.597587    6.745314 -4.806360 6.515943    0.083663 1.796699 -0.081644    -1.740526 3.471357 3.472152 -1.741320 1.642927
  12   16  7.446793 -6.620918 6.595984    7.516999 -4.819261 6.511856    0.070206 1.801657 -0.084128    -1.706638 3.433975 3.438713 -1.711375 1.641107
  13   16  8.233682 -6.640186 6.587334    8.290145 -4.831695 6.513652    0.056463 1.808491 -0.073682    -1.585193 3.381232 3.389279 -1.593241 1.712212
  14   16  9.017805 -6.658091 6.598110    9.063494 -4.845118 6.515761    0.045688 1.812973 -0.082349    -1.492549 3.276137 3.286548 -1.502960 1.704631
   1   17  -1.187276 -7.182036 6.704079    -0.964246 -5.503562 6.648266    0.223029 1.678475 -0.055813    -0.087294 3.416436 3.592993 -0.263850 3.213001
   2   17  -0.395148 -7.207030 6.615271    -0.174224 -5.502918 6.539241    0.220924 1.704112 -0.076030    -0.825304 3.493201 3.494059 -0.826161 2.571177
   3   17  0.385463 -7.226534 6.610897    0.594601 -5.513533 6.530836    0.209138 1.713000 -0.080061    -1.761561 3.565041 3.565225 -1.761745 1.710889
   4   17  1.167157 -7.245622 6.603137    1.361416 -5.523690 6.530378    0.194258 1.721932 -0.072759    -1.966646 3.627106 3.627940 -1.967479 1.564225
   5   17  1.948874 -7.264337 6.599029    2.127403 -5.535905 6.518297    0.178529 1.728432 -0.080732    -1.936752 3.645574 3.646834 -1.938013 1.611743
   6   17  2.730499 -7.282729 6.599148    2.894053 -5.547453 6.514655    0.163554 1.735276 -0.084493    -1.851053 3.670377 3.670739 -1.851415 1.721219
   7   17  3.511639 -7.301765 6.605630    3.661725 -5.558991 6.508775    0.150086 1.742773 -0.096855    -1.841549 3.718971 3.719157 -1.841735 1.776785
   8   17  4.294744 -7.320872 6.603107    4.429045 -5.571337 6.515808    0.134300 1.749535 -0.087299    -1.921623 3.738397 3.738418 -1.921644 1.715009
   9   17  5.078285 -7.339622 6.601411    5.198141 -5.583216 6.508173    0.119856 1.756406 -0.093238    -1.947415 3.748514 3.748549 -1.947450 1.698741
  10   17  5.861934 -7.358273 6.602446    5.966421 -5.594808 6.508171    0.104487 1.763465 -0.094275    -1.907603 3.729051 3.729052 -1.907604 1.720204
  11   17  6.646688 -7.376828 6.600197    6.736043 -5.608269 6.508850    0.089355 1.768559 -0.091348    -1.845567 3.691630 3.691630 -1.845567 1.746873
  12   17  7.431547 -7.395321 6.600660    7.507431 -5.622200 6.506489    0.075884 1.773121 -0.094171    -1.811506 3.602320 3.605510 -1.814696 1.696120
  13   17  8.218370 -7.414580 6.592878    8.279761 -5.632963 6.510406    0.061391 1.781618 -0.082472    -1.767471 3.472111 3.480423 -1.775782 1.616283
  14   17  9.002476 -7.433137 6.604104    9.050436 -5.646124 6.515757    0.047959 1.787013 -0.088347    -1.745948 3.427736 3.434691 -1.752903 1.595705
   1   18  -1.198473 -7.953001 6.675182    -0.959983 -6.288096 6.613524    0.238489 1.664905 -0.061659    -0.857921 3.230798 3.237008 -0.864131 2.291179
   2   18  -0.411261 -7.979022 6.620713    -0.180310 -6.301079 6.552136    0.230950 1.677943 -0.068577    -1.099427 3.393015 3.409869 -1.116282 2.205772
   3   18  0.368584 -7.998526 6.622013    0.587158 -6.313430 6.532965    0.218574 1.685096 -0.089048    -1.873434 3.737542 3.737704 -1.873597 1.762458
   4   18  1.149890 -8.018155 6.617159    1.352063 -6.325356 6.531378    0.202174 1.692798 -0.085781    -1.989941 3.822215 3.823063 -1.990788 1.725857
   5   18  1.932416 -8.037025 6.608162    2.120001 -6.337123 6.523229    0.187585 1.699902 -0.084933    -1.948258 3.819136 3.819683 -1.948805 1.764737
   6   18  2.715020 -8.055601 6.602450    2.887387 -6.348488 6.513234    0.172367 1.707113 -0.089216    -1.943702 3.802041 3.802975 -1.944636 1.753103
   7   18  3.496929 -8.074865 6.604591    3.653973 -6.361482 6.513668    0.157044 1.713383 -0.090923    -1.915239 3.842370 3.842570 -1.915440 1.819798
   8   18  4.278816 -8.094262 6.610182    4.422232 -6.375456 6.510247    0.143417 1.718806 -0.099936    -1.908757 3.901025 3.902080 -1.909812 1.881660
   9   18  5.061776 -8.112861 6.612528    5.188863 -6.386063 6.516373    0.127087 1.726798 -0.096155    -1.944869 3.944310 3.945550 -1.946109 1.886388
  10   18  5.846133 -8.131621 6.609692    5.958950 -6.398796 6.507796    0.112818 1.732824 -0.101895    -1.950705 3.922462 3.922660 -1.950903 1.859978
  11   18  6.631405 -8.149874 6.604861    6.727794 -6.411037 6.506157    0.096389 1.738838 -0.098704    -1.924490 3.849882 3.850276 -1.924884 1.817630
  12   18  7.417051 -8.169672 6.600997    7.498764 -6.423464 6.507757    0.081713 1.746207 -0.093240    -1.928195 3.800151 3.803528 -1.931572 1.766715
  13   18  8.202267 -8.188527 6.603105    8.269058 -6.434805 6.507906    0.066792 1.753722 -0.095199    -1.894523 3.742095 3.749338 -1.901766 1.745268
  14   18  8.986612 -8.210560 6.612862    9.037897 -6.449751 6.520671    0.051286 1.760808 -0.092191    -1.939283 3.758148 3.776571 -1.957706 1.715005
   1   19  -1.216840 -8.732590 6.694231    -0.972452 -7.099380 6.607978    0.244388 1.633210 -0.086253    -0.822358 3.041981 3.158424 -0.938802 2.143039
   2   19  -0.427932 -8.751616 6.629858    -0.186784 -7.102830 6.560525    0.241148 1.648786 -0.069334    -1.261158 3.349795 3.353678 -1.265042 2.005181
   3   19  0.352886 -8.771388 6.625075    0.577765 -7.116635 6.549308    0.224879 1.654753 -0.075767    -1.968736 3.919876 3.925841 -1.974701 1.839157
   4   19  1.133734 -8.790955 6.623820    1.343199 -7.129580 6.530343    0.209465 1.661375 -0.093477    -1.935048 3.967207 3.975836 -1.943676 1.917399
   5   19  1.916491 -8.810288 6.613761    2.110399 -7.141270 6.526963    0.193908 1.669018 -0.086798    -1.918800 3.995046 4.003394 -1.927148 1.959914
   6   19  2.699436 -8.828549 6.606438    2.878675 -7.151367 6.517107    0.179239 1.677182 -0.089331    -2.035851 4.003659 4.010880 -2.043072 1.850956
   7   19  3.481443 -8.847493 6.608546    3.643794 -7.164317 6.514126    0.162351 1.683176 -0.094420    -1.966932 3.946979 3.954538 -1.974491 1.866466
   8   19  4.263719 -8.867639 6.612128    4.412136 -7.179324 6.510816    0.148417 1.688315 -0.101312    -1.879095 3.910841 3.921968 -1.890222 1.920025
   9   19  5.046014 -8.886552 6.619042    5.179686 -7.191122 6.516636    0.133672 1.695430 -0.102406    -1.910041 3.890823 3.900265 -1.919483 1.870271
  10   19  5.830404 -8.905179 6.616495    5.948537 -7.203491 6.515812    0.118133 1.701688 -0.100683    -1.915106 3.948142 3.951904 -1.918868 1.919633
  11   19  6.615421 -8.923902 6.613577    6.719223 -7.215508 6.505866    0.103802 1.708394 -0.107711    -1.955575 3.999348 4.004724 -1.960951 1.927365
  12   19  7.401459 -8.944353 6.607755    7.489419 -7.228830 6.507605    0.087960 1.715523 -0.100150    -2.001097 4.068603 4.075698 -2.008192 1.946997
  13   19  8.187060 -8.963869 6.607987    8.258188 -7.241941 6.508016    0.071128 1.721928 -0.099971    -1.907109 4.109616 4.117682 -1.915175 2.079485
  14   19  8.972940 -8.984820 6.609624    9.030427 -7.255422 6.518065    0.057487 1.729397 -0.091559    -1.745518 4.131107 4.143115 -1.757526 2.260492
   1   20  -1.224512 -9.507009 6.640376    -0.976064 -7.877747 6.596841    0.248448 1.629262 -0.043535    -0.402505 3.681291 3.913024 -0.634239 3.151421
   2   20  -0.444747 -9.522490 6.640296    -0.200658 -7.904353 6.571503    0.244089 1.618137 -0.068792    -1.388065 3.792342 3.793092 -1.388814 2.297569
   3   20  0.336768 -9.542892 6.631205    0.564054 -7.918589 6.553519    0.227286 1.624304 -0.077686    -2.028179 4.125562 4.143461 -2.046078 1.972897
   4   20  1.117888 -9.562227 6.628729    1.330041 -7.931191 6.540336    0.212154 1.631036 -0.088393    -1.906601 4.132889 4.149898 -1.923610 2.101356
   5   20  1.900464 -9.582425 6.620230    2.099187 -7.944696 6.527809    0.198723 1.637729 -0.092421    -1.906973 4.180896 4.202258 -1.928335 2.145833
   6   20  2.683046 -9.602336 6.615459    2.865600 -7.957498 6.525396    0.182554 1.644838 -0.090062    -2.063766 4.193229 4.211121 -2.081657 2.000947
   7   20  3.465257 -9.620698 6.616840    3.630843 -7.969532 6.514630    0.165586 1.651165 -0.102210    -2.007024 4.129896 4.148109 -2.025237 1.998123
   8   20  4.247971 -9.640426 6.618240    4.398392 -7.981094 6.516831    0.150422 1.659331 -0.101409    -1.866160 4.051648 4.072006 -1.886518 2.065122
   9   20  5.030753 -9.660371 6.622500    5.167182 -7.994281 6.514079    0.136429 1.666090 -0.108421    -1.842762 3.977591 3.993779 -1.858950 2.018984
  10   20  5.814772 -9.679219 6.622681    5.936688 -8.007712 6.516585    0.121915 1.671507 -0.106096    -1.864601 3.981100 3.991546 -1.875048 2.000805
  11   20  6.600085 -9.698860 6.618340    6.707373 -8.022213 6.508701    0.107288 1.676647 -0.109640    -1.928377 4.018822 4.027172 -1.936726 1.972749
  12   20  7.385685 -9.719079 6.615616    7.477229 -8.036146 6.499502    0.091544 1.682932 -0.116113    -1.982785 4.051045 4.059406 -1.991146 1.948702
  13   20  8.171933 -9.738450 6.612573    8.247665 -8.049357 6.501665    0.075733 1.689093 -0.110907    -1.850084 4.111991 4.118740 -1.856832 2.138690
  14   20  8.957888 -9.758745 6.614358    9.020790 -8.061906 6.516954    0.062902 1.696839 -0.097404    -1.701922 4.111484 4.116645 -1.707083 2.285815
   1   21  -1.250813 -10.272543 6.716833    -0.994195 -8.687261 6.638283    0.256618 1.585282 -0.078550    -1.248285 5.335358 5.348669 -1.261596 3.864267
   2   21  -0.461418 -10.294329 6.649583    -0.214809 -8.710265 6.580020    0.246610 1.584065 -0.069564    -1.365857 5.007935 5.009105 -1.367028 3.450301
   3   21  0.320164 -10.314449 6.640583    0.551382 -8.723113 6.554779    0.231217 1.591336 -0.085804    -1.970351 4.441532 4.452311 -1.981130 2.327511
   4   21  1.101177 -10.334066 6.639243    1.315705 -8.736556 6.549992    0.214528 1.597510 -0.089251    -1.927858 4.456515 4.463942 -1.935285 2.384042
   5   21  1.883201 -10.354265 6.634781    2.084297 -8.750470 6.532282    0.201095 1.603795 -0.102499    -1.940784 4.472582 4.484793 -1.952996 2.385893
   6   21  2.665871 -10.374789 6.629738    2.850792 -8.763505 6.530951    0.184921 1.611284 -0.098787    -2.019621 4.446757 4.462945 -2.035810 2.282942
   7   21  3.449163 -10.393961 6.624570    3.618107 -8.775448 6.516560    0.168944 1.618514 -0.108010    -1.972942 4.389772 4.401068 -1.984238 2.276472
   8   21  4.232638 -10.413259 6.621791    4.386333 -8.787114 6.512593    0.153695 1.626145 -0.109198    -1.901532 4.348810 4.359771 -1.912493 2.309308
   9   21  5.015233 -10.433275 6.627717    5.154604 -8.800027 6.518986    0.139371 1.633249 -0.108731    -1.827352 4.308501 4.315882 -1.834732 2.345623
  10   21  5.798806 -10.452950 6.630965    5.924950 -8.812478 6.516891    0.126145 1.640472 -0.114074    -1.803123 4.210061 4.214489 -1.807552 2.277672
  11   21  6.584322 -10.472743 6.625841    6.695209 -8.826713 6.517222    0.110887 1.646029 -0.108619    -1.900857 4.131142 4.133566 -1.903282 2.106292
  12   21  7.369941 -10.493236 6.623421    7.466077 -8.841784 6.510748    0.096136 1.651452 -0.112673    -1.921853 4.023227 4.026409 -1.925035 1.983716
  13   21  8.155241 -10.511272 6.626498    8.237281 -8.852138 6.503724    0.082040 1.659134 -0.122774    -1.755131 4.023039 4.024395 -1.756487 2.149980
  14   21  8.940008 -10.533282 6.635177    9.008451 -8.869265 6.519100    0.068443 1.664017 -0.116077    -1.768995 4.000573 4.000629 -1.769051 2.115102
   1   22  -1.265666 -11.040664 6.713718    -1.009041 -9.505588 6.662700    0.256625 1.535075 -0.051018    -0.501713 4.902028 4.966016 -0.565702 4.189067
   2   22  -0.477122 -11.066949 6.652163    -0.226298 -9.519093 6.582197    0.250824 1.547856 -0.069967    -1.543991 4.780166 4.789574 -1.553398 3.064870
   3   22  0.304157 -11.084932 6.646158    0.540793 -9.528487 6.569489    0.236636 1.556445 -0.076669    -1.922404 4.578241 4.585978 -1.930140 2.503060
   4   22  1.086809 -11.105762 6.634356    1.309151 -9.542989 6.565834    0.222342 1.562773 -0.068521    -2.020858 4.583100 4.586257 -2.024015 2.409906
   5   22  1.865967 -11.127516 6.648931    2.070896 -9.560658 6.554789    0.204929 1.566858 -0.094142    -1.943910 4.574996 4.583031 -1.951945 2.478630
   6   22  2.649437 -11.147249 6.639299    2.839905 -9.571390 6.539458    0.190468 1.575859 -0.099841    -1.860957 4.528992 4.539757 -1.871722 2.518021
   7   22  3.432572 -11.167621 6.635394    3.608027 -9.584051 6.533866    0.175456 1.583570 -0.101528    -1.911825 4.460314 4.464609 -1.916120 2.403739
   8   22  4.216041 -11.187054 6.633065    4.377434 -9.595925 6.527010    0.161393 1.591129 -0.106056    -1.933505 4.427950 4.431242 -1.936797 2.351971
   9   22  4.998939 -11.206757 6.637610    5.144266 -9.607656 6.531394    0.145326 1.599102 -0.106215    -1.832001 4.408906 4.411522 -1.834617 2.435189
  10   22  5.783089 -11.227034 6.637722    5.915182 -9.621229 6.527898    0.132093 1.605806 -0.109825    -1.750932 4.353388 4.354608 -1.752152 2.463914
  11   22  6.567821 -11.246981 6.637717    6.686414 -9.633955 6.523496    0.118593 1.613026 -0.114221    -1.832410 4.250664 4.251084 -1.832830 2.286820
  12   22  7.353757 -11.267259 6.633872    7.457216 -9.647682 6.520173    0.103459 1.619577 -0.113699    -1.872567 4.154204 4.154709 -1.873072 2.156296
  13   22  8.139513 -11.286580 6.634540    8.228441 -9.658376 6.510373    0.088929 1.628204 -0.124167    -1.734544 3.990464 3.990740 -1.734820 2.139895
  14   22  8.924773 -11.308568 6.640853    9.002592 -9.675556 6.518431    0.077819 1.633012 -0.122422    -1.518675 3.947026 3.947919 -1.519568 2.313566
   1   23  -1.286959 -11.813184 6.754298    -1.017189 -10.308503 6.673878    0.269770 1.504681 -0.080420    -2.079502 4.340617 4.340933 -2.079818 2.124708
   2   23  -0.492112 -11.838756 6.650039    -0.236328 -10.326613 6.585626    0.255784 1.512143 -0.064413    -1.795009 4.344140 4.358139 -1.809008 2.410739
   3   23  0.288411 -11.857321 6.649668    0.529961 -10.335465 6.582484    0.241550 1.521856 -0.067184    -1.781255 4.370397 4.388790 -1.799648 2.448694
   4   23  1.069347 -11.880040 6.649432    1.295777 -10.353857 6.571768    0.226430 1.526183 -0.077664    -1.950571 4.207144 4.212425 -1.955852 2.127919
   5   23  1.849388 -11.900557 6.658878    2.058355 -10.368557 6.569978    0.208967 1.532001 -0.088900    -1.931846 4.113203 4.120797 -1.939440 2.058185
   6   23  2.633410 -11.919959 6.646241    2.830180 -10.378266 6.552206    0.196770 1.541693 -0.094035    -1.751193 4.089184 4.093990 -1.755999 2.215886
   7   23  3.416031 -11.941040 6.645960    3.599509 -10.391803 6.551959    0.183478 1.549237 -0.094001    -1.833045 4.159856 4.162335 -1.835523 2.200882
   8   23  4.198927 -11.961414 6.647487    4.366743 -10.403928 6.546898    0.167817 1.557486 -0.100590    -1.915620 4.203072 4.204939 -1.917487 2.159173
   9   23  4.982294 -11.982253 6.649378    5.135367 -10.417341 6.539569    0.153073 1.564912 -0.109809    -1.841239 4.175500 4.176362 -1.842100 2.207498
  10   23  5.766938 -12.002041 6.647000    5.906246 -10.429965 6.548983    0.139308 1.572076 -0.098017    -1.735537 4.154608 4.155019 -1.735948 2.293124
  11   23  6.552164 -12.021943 6.644509    6.678839 -10.441998 6.543961    0.126676 1.579945 -0.100548    -1.750503 4.084782 4.085159 -1.750881 2.212685
  12   23  7.337848 -12.042660 6.642550    7.450277 -10.454666 6.533987    0.112429 1.587994 -0.108563    -1.817387 4.069758 4.069821 -1.817450 2.131961
  13   23  8.124696 -12.063352 6.637155    8.222284 -10.468378 6.525000    0.097589 1.594974 -0.112155    -1.754048 3.919350 3.919832 -1.754529 2.053477
  14   23  8.910603 -12.083940 6.640491    8.995609 -10.478449 6.529947    0.085006 1.605491 -0.110544    -1.707841 3.876179 3.879565 -1.711226 2.058678
   1   24  -1.306721 -12.584720 6.784479    -1.027973 -11.115898 6.669478    0.278747 1.468822 -0.115001    -3.301593 3.999442 4.074923 -3.377073 0.557115
   2   24  -0.509630 -12.611135 6.665007    -0.251835 -11.132735 6.596363    0.257796 1.478400 -0.068645    -1.858916 4.035685 4.084743 -1.907974 2.055688
   3   24  0.272035 -12.632117 6.656996    0.516097 -11.143489 6.578018    0.244062 1.488628 -0.078978    -1.698313 3.946548 3.976543 -1.728309 2.133018
   4   24  1.049869 -12.651193 6.678327    1.282281 -11.155086 6.598134    0.232412 1.496107 -0.080194    -1.799207 3.857537 3.868366 -1.810035 1.949549
   5   24  1.831605 -12.672064 6.676901    2.049278 -11.166753 6.594951    0.217673 1.505311 -0.081950    -1.810252 3.785325 3.794123 -1.819049 1.870405
   6   24  2.617130 -12.693913 6.654615    2.820430 -11.181146 6.571042    0.203300 1.512767 -0.083573    -1.697239 3.812510 3.816499 -1.701228 2.009149
   7   24  3.400459 -12.714824 6.650395    3.591177 -11.196646 6.559587    0.190719 1.518178 -0.090808    -1.742191 3.895232 3.897742 -1.744701 2.042452
   8   24  4.183152 -12.735305 6.653699    4.359081 -11.209106 6.560228    0.175929 1.526199 -0.093472    -1.840856 3.906199 3.907984 -1.842640 1.954377
   9   24  4.966348 -12.756324 6.657118    5.128443 -11.222627 6.556414    0.162095 1.533697 -0.100703    -1.775671 3.903835 3.903954 -1.775790 2.017305
  10   24  5.751479 -12.776849 6.652170    5.899533 -11.235146 6.556007    0.148054 1.541703 -0.096163    -1.709441 3.878088 3.878100 -1.709452 2.059064
  11   24  6.536484 -12.797352 6.651411    6.670946 -11.248328 6.552452    0.134462 1.549024 -0.098958    -1.701760 3.869250 3.869251 -1.701760 2.058385
  12   24  7.321607 -12.817782 6.653254    7.443570 -11.260408 6.545460    0.121962 1.557374 -0.107794    -1.718752 3.839034 3.839231 -1.718949 2.012936
  13   24  8.108839 -12.838825 6.646006    8.217213 -11.274043 6.539265    0.108373 1.564782 -0.106742    -1.788197 3.812256 3.812372 -1.788313 1.918361
  14   24  8.894132 -12.859065 6.653331    8.987496 -11.283182 6.542262    0.093363 1.575883 -0.111068    -1.966857 3.776528 3.778327 -1.968655 1.705690
   1   25  -1.320362 -13.360899 6.771578    -1.051376 -11.919542 6.679487    0.268986 1.441356 -0.092091    -1.456698 3.511445 3.623344 -1.568597 1.958777
   2   25  -0.526242 -13.383982 6.673741    -0.266667 -11.933549 6.604223    0.259576 1.450433 -0.069518    -1.727135 3.608814 3.674996 -1.793317 1.783393
   3   25  0.255984 -13.405175 6.662452    0.503834 -11.947093 6.583667    0.247850 1.458082 -0.078785    -1.559972 3.748805 3.788337 -1.599504 2.083888
   4   25  1.032887 -13.424478 6.690429    1.267983 -11.957258 6.616485    0.235096 1.467220 -0.073944    -1.606523 3.808968 3.833840 -1.631395 2.095068
   5   25  1.813966 -13.445377 6.693716    2.037383 -11.970524 6.613390    0.223417 1.474853 -0.080326    -1.679217 3.842543 3.858897 -1.695571 2.054788
   6   25  2.600016 -13.467899 6.668343    2.809085 -11.986162 6.588171    0.209069 1.481737 -0.080172    -1.674157 3.838042 3.845906 -1.682020 2.056036
   7   25  3.384795 -13.489072 6.655360    3.581298 -11.999941 6.576874    0.196503 1.489131 -0.078485    -1.629876 3.827841 3.831136 -1.633172 2.090750
   8   25  4.167944 -13.509536 6.656371    4.352166 -12.013138 6.572091    0.184222 1.496397 -0.084279    -1.667424 3.805927 3.807858 -1.669356 2.032757
   9   25  4.951008 -13.531066 6.661082    5.120941 -12.026581 6.574548    0.169934 1.504484 -0.086534    -1.675304 3.813432 3.813844 -1.675716 2.032069
  10   25  5.736195 -13.552155 6.656248    5.894327 -12.040215 6.564917    0.158132 1.511940 -0.091330    -1.694993 3.762869 3.762869 -1.694993 1.964721
  11   25  6.520480 -13.572289 6.660342    6.665024 -12.052456 6.562904    0.144544 1.519833 -0.097438    -1.643804 3.758713 3.759209 -1.644300 2.011792
  12   25  7.306194 -13.592905 6.659152    7.438180 -12.065113 6.563583    0.131986 1.527792 -0.095568    -1.568136 3.761314 3.763167 -1.569990 2.089504
  13   25  8.093767 -13.614050 6.650402    8.213538 -12.077588 6.557002    0.119771 1.536462 -0.093400    -1.738628 3.805398 3.806127 -1.739357 1.961330
  14   25  8.878801 -13.634718 6.659650    8.983629 -12.088138 6.556156    0.104829 1.546580 -0.103494    -1.988753 3.803314 3.803327 -1.988766 1.709201
   1   26  -1.327689 -14.135416 6.715358    -1.051816 -12.718592 6.692793    0.275873 1.416824 -0.022565    -1.334709 3.608033 3.609047 -1.335723 2.176683
   2   26  -0.542767 -14.157175 6.681825    -0.281237 -12.736550 6.611079    0.261529 1.420625 -0.070745    -1.643291 3.635143 3.646929 -1.655077 1.894893
   3   26  0.239692 -14.178259 6.669527    0.490223 -12.748294 6.607499    0.250531 1.429965 -0.062028    -1.477476 3.768824 3.805482 -1.514133 2.184923
   4   26  1.018907 -14.199338 6.682527    1.257433 -12.761627 6.618013    0.238526 1.437711 -0.064514    -1.514271 3.714691 3.739480 -1.539060 2.097912
   5   26  1.800075 -14.220071 6.686012    2.026704 -12.775155 6.614774    0.226630 1.444916 -0.071238    -1.556974 3.675303 3.692038 -1.573709 2.018639
   6   26  2.583374 -14.241834 6.679080    2.798285 -12.789386 6.601600    0.214911 1.452449 -0.077480    -1.580963 3.604384 3.616824 -1.593403 1.927892
   7   26  3.367362 -14.262542 6.671609    3.569512 -12.802264 6.600825    0.202150 1.460279 -0.070784    -1.514526 3.586282 3.590566 -1.518811 1.977335
   8   26  4.151789 -14.283990 6.664912    4.342949 -12.817455 6.591397    0.191160 1.466535 -0.073515    -1.507611 3.616557 3.617565 -1.508619 2.013016
   9   26  4.936196 -14.305475 6.661891    5.115989 -12.830910 6.586708    0.179793 1.474565 -0.075183    -1.526539 3.695351 3.695655 -1.526843 2.068687
  10   26  5.720803 -14.326985 6.661081    5.888125 -12.843764 6.582993    0.167322 1.483221 -0.078089    -1.630763 3.759450 3.759483 -1.630796 2.025502
  11   26  6.505009 -14.347421 6.666118    6.659093 -12.855886 6.574056    0.154083 1.491536 -0.092062    -1.614313 3.812846 3.813110 -1.614577 2.092257
  12   26  7.291025 -14.369466 6.663459    7.434381 -12.871189 6.571148    0.143356 1.498277 -0.092311    -1.472661 3.858130 3.858824 -1.473355 2.275625
  13   26  8.077767 -14.390676 6.660020    8.210149 -12.884479 6.570960    0.132382 1.506197 -0.089061    -1.606002 3.973638 3.974790 -1.607154 2.251877
  14   26  8.863162 -14.410667 6.667728    8.981704 -12.894104 6.583341    0.118542 1.516562 -0.084387    -1.641815 4.036261 4.036264 -1.641818 2.275208
   1   27  -1.340237 -14.893862 6.697884    -1.055686 -13.503953 6.627669    0.284550 1.389910 -0.070215    -2.561037 4.633610 4.634935 -2.562362 1.916367
   2   27  -0.558605 -14.930489 6.685233    -0.293850 -13.540216 6.607520    0.264755 1.390272 -0.077713    -1.741760 4.337448 4.375794 -1.780106 2.455958
   3   27  0.223274 -14.951491 6.677429    0.476940 -13.550912 6.622927    0.253666 1.400579 -0.054502    -1.372101 3.879791 3.917429 -1.409740 2.393758
   4   27  1.004427 -14.972847 6.678136    1.247487 -13.563771 6.626203    0.243060 1.409076 -0.051933    -1.427270 3.754812 3.776946 -1.449404 2.222290
   5   27  1.785117 -14.994185 6.685339    2.016657 -13.576743 6.629049    0.231540 1.417442 -0.056290    -1.481971 3.601022 3.619833 -1.500782 2.022957
   6   27  2.566405 -15.015080 6.692033    2.786220 -13.589061 6.622641    0.219815 1.426019 -0.069392    -1.457783 3.474262 3.487601 -1.471121 1.927298
   7   27  3.350543 -15.036289 6.683965    3.559577 -13.601735 6.619353    0.209033 1.434554 -0.064612    -1.417220 3.404417 3.407358 -1.420161 1.901932
   8   27  4.136299 -15.058539 6.669342    4.334242 -13.618363 6.609706    0.197942 1.440176 -0.059636    -1.428318 3.420094 3.420875 -1.429099 1.905860
   9   27  4.921377 -15.080733 6.662659    5.109283 -13.633250 6.602519    0.187906 1.447483 -0.060139    -1.443672 3.528709 3.529521 -1.444484 1.993505
  10   27  5.705991 -15.102335 6.662377    5.883006 -13.648779 6.596190    0.177015 1.453556 -0.066186    -1.530719 3.716346 3.716349 -1.530722 2.084369
  11   27  6.490458 -15.123195 6.666375    6.653783 -13.662597 6.597236    0.163324 1.460598 -0.069140    -1.535781 3.904029 3.904248 -1.536000 2.256199
  12   27  7.276547 -15.145168 6.663873    7.428812 -13.677038 6.586192    0.152264 1.468130 -0.077681    -1.435568 4.049887 4.050010 -1.435691 2.492462
  13   27  8.063219 -15.167160 6.661307    8.204861 -13.691466 6.579559    0.141642 1.475694 -0.081748    -1.538921 4.181697 4.181752 -1.538976 2.513609
  14   27  8.846875 -15.185684 6.679672    8.976797 -13.703636 6.601759    0.129922 1.482048 -0.077913    -1.442510 4.251783 4.251783 -1.442510 2.674449
   1   28  -1.349424 -15.676961 6.653069    -1.066676 -14.338784 6.557633    0.282748 1.338176 -0.095436    -1.778714 4.406060 4.543458 -1.916111 2.477357
   2   28  -0.575176 -15.701695 6.693969    -0.307673 -14.343226 6.623797    0.267503 1.358469 -0.070172    -1.920530 4.320896 4.344026 -1.943659 2.263512
   3   28  0.206171 -15.724079 6.690030    0.463822 -14.354478 6.637273    0.257652 1.369601 -0.052757    -1.297056 4.050347 4.079663 -1.326372 2.628239
   4   28  0.988241 -15.746304 6.685017    1.236207 -14.366978 6.638734    0.247966 1.379327 -0.046283    -1.374097 3.911761 3.931146 -1.393482 2.422730
   5   28  1.769844 -15.767946 6.686777    2.007062 -14.379076 6.640287    0.237218 1.388869 -0.046490    -1.462096 3.779731 3.796881 -1.479246 2.211459
   6   28  2.551049 -15.788886 6.694606    2.776893 -14.389363 6.648258    0.225843 1.399523 -0.046349    -1.415439 3.700058 3.714673 -1.430055 2.182787
   7   28  3.335297 -15.811069 6.686293    3.551577 -14.402990 6.640300    0.216280 1.408079 -0.045993    -1.354934 3.618173 3.623599 -1.360360 2.165991
   8   28  4.119925 -15.833269 6.679257    4.325594 -14.419172 6.629692    0.205669 1.414097 -0.049565    -1.438617 3.559854 3.562689 -1.441452 2.027906
   9   28  4.905194 -15.855766 6.671829    5.098619 -14.435007 6.626265    0.193425 1.420759 -0.045564    -1.426088 3.574356 3.575910 -1.427642 2.054137
  10   28  5.690212 -15.877003 6.669632    5.873510 -14.451206 6.615626    0.183298 1.425797 -0.054006    -1.438054 3.724852 3.724880 -1.438081 2.184448
  11   28  6.475476 -15.898966 6.669232    6.648077 -14.468429 6.615908    0.172600 1.430536 -0.053324    -1.509199 3.944250 3.944304 -1.509253 2.320400
  12   28  7.260804 -15.920310 6.671823    7.421538 -14.484576 6.609377    0.160735 1.435734 -0.062446    -1.444614 4.196677 4.196900 -1.444838 2.620885
  13   28  8.048049 -15.942699 6.666355    8.197367 -14.500957 6.596717    0.149318 1.441742 -0.069638    -1.502667 4.430768 4.431023 -1.502921 2.781902
  14   28  8.832098 -15.960929 6.683010    8.968516 -14.511915 6.610378    0.136418 1.449014 -0.072632    -1.574548 4.546828 4.551055 -1.578775 2.818675
   1   29  -1.377212 -16.461680 6.736569    -1.078145 -15.144727 6.695383    0.299067 1.316953 -0.041186    -2.820733 4.848537 4.861229 -2.833425 1.855004
   2   29  -0.592245 -16.474609 6.705814    -0.318032 -15.148878 6.654954    0.274213 1.325731 -0.050860    -2.104543 4.684122 4.691506 -2.111928 2.420458
   3   29  0.189142 -16.496914 6.702098    0.454763 -15.159972 6.655419    0.265621 1.336943 -0.046679    -1.354867 4.433554 4.445800 -1.367112 2.929499
   4   29  0.971348 -16.518730 6.696719    1.226284 -15.169566 6.666426    0.254936 1.349163 -0.030293    -1.421817 4.111799 4.122548 -1.432566 2.563481
   5   29  1.753666 -16.541292 6.694169    1.997972 -15.182125 6.661600    0.244306 1.359167 -0.032569    -1.488240 3.949273 3.957490 -1.496458 2.345476
   6   29  2.535546 -16.563239 6.698059    2.767960 -15.194315 6.666489    0.232413 1.368924 -0.031570    -1.485986 3.914629 3.922779 -1.494137 2.315161
   7   29  3.318281 -16.585129 6.699893    3.540205 -15.206684 6.665334    0.221923 1.378446 -0.034560    -1.434162 3.906776 3.913866 -1.441251 2.359202
   8   29  4.103567 -16.607572 6.689164    4.315072 -15.221476 6.655925    0.211506 1.386096 -0.033239    -1.511672 3.891662 3.897832 -1.517841 2.268187
   9   29  4.889095 -16.630573 6.680549    5.088135 -15.237408 6.651865    0.199040 1.393165 -0.028684    -1.516899 3.877457 3.881272 -1.520715 2.249756
  10   29  5.673745 -16.651986 6.681023    5.862060 -15.255126 6.644642    0.188315 1.396860 -0.036381    -1.457135 3.938129 3.939918 -1.458924 2.366169
  11   29  6.458990 -16.674222 6.681135    6.636452 -15.274688 6.639008    0.177461 1.399534 -0.042127    -1.479684 4.070751 4.072837 -1.481769 2.468253
  12   29  7.244455 -16.696346 6.683242    7.409787 -15.292772 6.637964    0.165332 1.403574 -0.045278    -1.464968 4.358414 4.360590 -1.467143 2.751614
  13   29  8.031577 -16.718584 6.678932    8.186460 -15.311593 6.623123    0.154883 1.406990 -0.055809    -1.619305 4.861370 4.862589 -1.620525 3.066270
  14   29  8.815433 -16.738986 6.696816    8.957564 -15.329348 6.631001    0.142131 1.409638 -0.065815    -1.415564 5.146109 5.153972 -1.423428 3.528151
   1   30  -1.397974 -17.223331 6.775262    -1.081293 -15.956969 6.728813    0.316681 1.266362 -0.046449    -2.936940 7.289282 7.296616 -2.944273 3.973121
   2   30  -0.608416 -17.248387 6.711419    -0.318438 -15.964263 6.678758    0.289978 1.284124 -0.032661    -2.595135 6.557365 6.563662 -2.601432 3.652979
   3   30  0.172420 -17.270655 6.711973    0.450611 -15.969358 6.682476    0.278191 1.301297 -0.029497    -1.696764 5.356148 5.356566 -1.697183 3.445520
   4   30  0.954168 -17.292590 6.710100    1.220362 -15.975959 6.685111    0.266194 1.316630 -0.024989    -1.637106 4.891644 4.892197 -1.637658 3.076752
   5   30  1.737224 -17.315372 6.703181    1.991438 -15.986017 6.688650    0.254214 1.329355 -0.014531    -1.717746 4.710401 4.710688 -1.718033 2.829341
   6   30  2.520178 -17.337761 6.700645    2.762113 -15.998949 6.686371    0.241936 1.338812 -0.014274    -1.725156 4.644117 4.645123 -1.726162 2.760417
   7   30  3.303093 -17.360221 6.701856    3.531691 -16.013101 6.688860    0.228598 1.347120 -0.012996    -1.644554 4.603314 4.608694 -1.649933 2.801948
   8   30  4.087269 -17.382071 6.698688    4.303520 -16.027004 6.681513    0.216251 1.355066 -0.017175    -1.719224 4.616316 4.625812 -1.728721 2.739937
   9   30  4.872522 -17.404795 6.692276    5.076338 -16.043828 6.674438    0.203816 1.360968 -0.017838    -1.712558 4.597860 4.607566 -1.722264 2.729363
  10   30  5.657798 -17.427284 6.689267    5.848686 -16.061548 6.670894    0.190887 1.365736 -0.018373    -1.616659 4.591292 4.603662 -1.629029 2.817928
  11   30  6.443334 -17.449958 6.688077    6.621301 -16.081275 6.664338    0.177966 1.368683 -0.023739    -1.591827 4.672333 4.683979 -1.603474 2.917710
  12   30  7.229190 -17.472886 6.688282    7.396235 -16.103178 6.656876    0.167045 1.369708 -0.031407    -1.649008 4.972769 4.983522 -1.659761 3.139300
  13   30  8.016524 -17.494268 6.683371    8.171270 -16.126204 6.644631    0.154747 1.368064 -0.038740    -1.862559 5.742655 5.746884 -1.866788 3.635648
  14   30  8.800419 -17.513648 6.701671    8.939057 -16.150011 6.655584    0.138639 1.363636 -0.046087    -1.546305 6.162694 6.182899 -1.566511 4.324104
   1   31  -1.408176 -17.997807 6.738903    -1.060976 -16.811555 6.724514    0.347200 1.186252 -0.014390    -2.466027 10.371977 10.382884 -2.476934 7.105304
   2   31  -0.622296 -18.023927 6.701171    -0.303404 -16.792000 6.677497    0.318892 1.231927 -0.023674    -3.411557 9.838745 9.842735 -3.415547 5.741302
   3   31  0.159824 -18.046227 6.693963    0.458708 -16.789315 6.679438    0.298884 1.256911 -0.014525    -2.602050 8.833822 8.846483 -2.614711 5.660789
   4   31  0.941693 -18.068686 6.692157    1.225832 -16.795148 6.680008    0.284140 1.273538 -0.012149    -2.271146 8.281836 8.287375 -2.276686 5.501703
   5   31  1.724232 -18.091357 6.689534    1.993187 -16.804465 6.682625    0.268955 1.286892 -0.006910    -2.212656 7.920310 7.922607 -2.214952 5.242167
   6   31  2.507752 -18.113920 6.684204    2.759528 -16.816744 6.680193    0.251776 1.297175 -0.004011    -2.207708 7.707649 7.707832 -2.207891 5.060071
   7   31  3.291118 -18.136982 6.683369    3.528284 -16.831203 6.680094    0.237166 1.305779 -0.003274    -2.045168 7.541519 7.543900 -2.047549 5.070999
   8   31  4.075175 -18.159722 6.681718    4.297090 -16.844131 6.683183    0.221915 1.315591 0.001465    -2.092201 7.545222 7.549818 -2.096797 5.028473
   9   31  4.860500 -18.181296 6.675882    5.064906 -16.860353 6.667844    0.204406 1.320943 -0.008038    -2.108859 7.563725 7.573577 -2.118711 5.028192
  10   31  5.645396 -18.203598 6.676032    5.835360 -16.878324 6.661215    0.189964 1.325274 -0.014817    -2.027536 7.543474 7.579114 -2.063177 5.086930
  11   31  6.431234 -18.226899 6.673752    6.606883 -16.897487 6.663795    0.175648 1.329412 -0.009957    -2.068013 7.526500 7.570786 -2.112300 5.031947
  12   31  7.217283 -18.250622 6.673520    7.378770 -16.923077 6.651904    0.161487 1.327545 -0.021617    -2.277468 7.760385 7.807563 -2.324647 5.034517
  13   31  8.005712 -18.273080 6.662926    8.148385 -16.951694 6.632241    0.142673 1.321386 -0.030685    -2.652386 8.594539 8.635509 -2.693357 5.401183
  14   31  8.788815 -18.288730 6.687047    8.913378 -16.984509 6.660382    0.124563 1.304222 -0.026664    -1.400505 9.050012 9.220319 -1.570812 6.980788
   1   32  -1.408892 -18.773318 6.636808    -0.996403 -17.681849 6.646302    0.412488 1.091468 0.009494    -4.241460 15.978296 16.235811 -4.498976 9.915096
   2   32  -0.633079 -18.799779 6.669820    -0.259680 -17.662885 6.638177    0.373400 1.136893 -0.031643    -4.760108 16.177885 16.253534 -4.835757 9.610073
   3   32  0.149866 -18.823504 6.658043    0.491386 -17.658108 6.622453    0.341520 1.165396 -0.035590    -4.216634 16.575518 16.638317 -4.279433 10.431872
   4   32  0.932250 -18.846309 6.654013    1.245574 -17.656425 6.623782    0.313324 1.189884 -0.030231    -3.490901 16.651373 16.681408 -3.520936 11.168856
   5   32  1.715139 -18.869347 6.650306    2.006802 -17.662404 6.623963    0.291663 1.206944 -0.026343    -3.159210 16.712061 16.722664 -3.169813 11.522257
   6   32  2.498833 -18.892771 6.644980    2.767233 -17.673527 6.620115    0.268400 1.219245 -0.024865    -2.974530 16.771858 16.772776 -2.975446 11.737394
   7   32  3.282799 -18.915774 6.641598    3.529918 -17.685778 6.621327    0.247119 1.229996 -0.020271    -2.718789 16.728760 16.732981 -2.723010 11.936428
   8   32  4.067203 -18.938381 6.639052    4.296138 -17.698612 6.618069    0.228935 1.239769 -0.020983    -2.847914 16.473999 16.489384 -2.863300 11.624822
   9   32  4.851517 -18.960291 6.640593    5.058252 -17.718991 6.608526    0.206735 1.241300 -0.032066    -2.844863 16.129145 16.163841 -2.879560 11.362318
  10   32  5.638252 -18.982765 6.630747    5.825176 -17.735021 6.609342    0.186925 1.247744 -0.021405    -2.775322 15.902586 15.979342 -2.852078 11.246427
  11   32  6.424435 -19.006352 6.627618    6.589706 -17.752120 6.602765    0.165271 1.254232 -0.024853    -3.069387 15.806911 15.923632 -3.186108 10.897407
  12   32  7.210195 -19.030069 6.630321    7.350632 -17.779517 6.595457    0.140437 1.250552 -0.034864    -3.656875 15.838975 16.003294 -3.821194 10.370639
  13   32  7.998795 -19.053906 6.619751    8.110079 -17.814247 6.580054    0.111283 1.239658 -0.039696    -4.099558 15.767620 15.977244 -4.309182 9.893329
  14   32  8.780623 -19.071594 6.652066    8.857921 -17.860425 6.608242    0.077298 1.211169 -0.043823    -2.809349 15.764232 16.364071 -3.409189 11.029654
   1   33  -1.425595 -19.541454 6.646348    -0.926069 -18.586981 6.617781    0.499527 0.954474 -0.028567    -8.558266 19.387362 19.403229 -8.574134 8.395914
   2   33  -0.646203 -19.576258 6.654300    -0.192843 -18.596223 6.581187    0.453360 0.980035 -0.073113    -5.453412 20.481815 20.513571 -5.485167 12.206154
   3   33  0.137029 -19.599256 6.641632    0.538645 -18.594676 6.541006    0.401616 1.004580 -0.100626    -5.378591 22.630009 22.660461 -5.409043 13.812201
   4   33  0.919543 -19.622500 6.637608    1.276275 -18.600286 6.525569    0.356732 1.022214 -0.112039    -4.593617 24.132866 24.153164 -4.613915 15.558258
   5   33  1.703550 -19.646206 6.627459    2.026349 -18.612947 6.510088    0.322799 1.033258 -0.117371    -4.055851 25.314329 25.323816 -4.065339 16.825377
   6   33  2.486716 -19.669039 6.626589    2.776189 -18.626246 6.504793    0.289473 1.042793 -0.121795    -3.845257 26.148672 26.149220 -3.845804 17.558252
   7   33  3.271095 -19.692158 6.621506    3.533033 -18.639256 6.493916    0.261939 1.052902 -0.127591    -3.508065 26.745726 26.747959 -3.510299 18.233000
   8   33  4.055394 -19.715464 6.620442    4.287673 -18.650115 6.488291    0.232279 1.065350 -0.132151    -3.566421 26.864267 26.879494 -3.581648 18.257322
   9   33  4.840424 -19.739644 6.618200    5.041782 -18.662134 6.495827    0.201359 1.077510 -0.122373    -3.742211 26.728130 26.769722 -3.783801 18.014648
  10   33  5.627318 -19.762148 6.608325    5.798908 -18.676119 6.497341    0.171590 1.086030 -0.110983    -3.900766 26.242594 26.324877 -3.983049 17.555212
  11   33  6.413699 -19.785377 6.604993    6.552643 -18.698197 6.491209    0.138943 1.087180 -0.113784    -4.412324 25.680922 25.809530 -4.540933 16.733698
  12   33  7.199896 -19.808286 6.606148    7.298411 -18.721145 6.501667    0.098515 1.087141 -0.104481    -5.246248 24.697340 24.875460 -5.424366 15.327254
  13   33  7.987812 -19.832388 6.600431    8.035778 -18.752885 6.511051    0.047966 1.079503 -0.089380    -5.535150 22.993488 23.206978 -5.748639 13.885345
  14   33  8.768704 -19.852503 6.638645    8.766059 -18.789888 6.568126    -0.002645 1.062615 -0.070519    -7.650356 22.081236 22.385944 -7.955065 11.229522
   1   34  -1.440887 -20.326547 6.643536    -0.928391 -19.510567 6.622812    0.512496 0.815979 -0.020725    -7.605943 17.243341 17.415087 -7.777689 7.649321
   2   34  -0.661108 -20.349393 6.651401    -0.184841 -19.534634 6.572185    0.476267 0.814759 -0.079217    -5.128970 18.984068 19.037657 -5.182557 11.401291
   3   34  0.122496 -20.374329 6.636691    0.551662 -19.557509 6.529028    0.429166 0.816820 -0.107662    -5.434212 22.093554 22.124874 -5.465532 13.382492
   4   34  0.905214 -20.397924 6.632020    1.289500 -19.579727 6.491777    0.384286 0.818197 -0.140243    -4.724782 24.345726 24.360098 -4.739154 15.587937
   5   34  1.687872 -20.421520 6.631396    2.034102 -19.602565 6.448998    0.346231 0.818955 -0.182398    -4.146380 25.899065 25.906532 -4.153846 17.133871
   6   34  2.471272 -20.444715 6.629576    2.780648 -19.622943 6.430464    0.309376 0.821772 -0.199113    -3.969822 27.100124 27.105745 -3.975443 18.068199
   7   34  3.256040 -20.468457 6.622557    3.529522 -19.643883 6.418657    0.273483 0.824574 -0.203900    -3.712782 28.076984 28.081974 -3.717772 18.910269
   8   34  4.041002 -20.491868 6.617984    4.283493 -19.665708 6.409098    0.242490 0.826159 -0.208886    -3.778136 28.902464 28.912163 -3.787834 19.373814
   9   34  4.826358 -20.515301 6.614508    5.033359 -19.678843 6.420890    0.207001 0.836458 -0.193617    -4.048285 29.302624 29.313908 -4.059568 19.396648
  10   34  5.612219 -20.538693 6.611425    5.780294 -19.692961 6.420524    0.168075 0.845732 -0.190900    -4.353055 29.249220 29.258835 -4.362669 19.106743
  11   34  6.398895 -20.563113 6.606764    6.523881 -19.703640 6.428919    0.124986 0.859474 -0.177844    -5.080011 28.492300 28.503330 -5.091042 18.006691
  12   34  7.185249 -20.586439 6.607527    7.261423 -19.716480 6.440300    0.076173 0.869960 -0.167227    -6.060664 26.910290 26.923639 -6.074013 16.117432
  13   34  7.972694 -20.610546 6.605114    7.989709 -19.731227 6.475139    0.017014 0.879320 -0.129975    -6.377883 24.173220 24.186451 -6.391114 13.978164
  14   34  8.754066 -20.630211 6.641167    8.724366 -19.739606 6.561464    -0.029699 0.890604 -0.079703    -9.629685 22.636009 22.636240 -9.629915 9.768851
   1   35  -1.460426 -21.094678 6.672666    -1.002726 -20.376780 6.664864    0.457700 0.717898 -0.007802    -4.548349 13.815705 14.203778 -4.936422 7.890299
   2   35  -0.677075 -21.123593 6.655568    -0.250427 -20.441401 6.626002    0.426648 0.682191 -0.029566    -3.914288 15.043715 15.341868 -4.212440 9.488469
   3   35  0.106470 -21.148554 6.641870    0.495535 -20.490466 6.595628    0.389065 0.658088 -0.046242    -4.170660 17.216869 17.445011 -4.398802 10.936021
   4   35  0.889451 -21.172651 6.635991    1.244004 -20.531375 6.577541    0.354553 0.641276 -0.058451    -3.674560 19.039938 19.198452 -3.833074 12.762412
   5   35  1.672356 -21.196076 6.634396    1.997886 -20.566146 6.554401    0.325530 0.629930 -0.079995    -3.299900 20.403624 20.496761 -3.393038 14.095445
   6   35  2.455984 -21.219868 6.631648    2.756494 -20.596550 6.548526    0.300510 0.623318 -0.083122    -3.194620 21.456739 21.497429 -3.235309 14.941836
   7   35  3.240514 -21.244661 6.626610    3.512879 -20.629571 6.534477    0.272365 0.615090 -0.092133    -2.987600 22.111053 22.125978 -3.002526 15.582688
   8   35  4.025631 -21.268547 6.621601    4.275788 -20.653118 6.525701    0.250158 0.615428 -0.095900    -3.040579 22.528402 22.531540 -3.043718 15.826351
   9   35  4.811088 -21.292385 6.618034    5.033329 -20.674077 6.521426    0.222242 0.618308 -0.096608    -3.383677 22.811096 22.811214 -3.383797 15.722429
  10   35  5.597050 -21.316305 6.614852    5.792396 -20.687667 6.519453    0.195346 0.628638 -0.095399    -3.800842 23.060299 23.068520 -3.809062 15.526816
  11   35  6.383166 -21.339872 6.614193    6.545569 -20.700685 6.517338    0.162403 0.639188 -0.096855    -4.499425 22.995344 23.021719 -4.525800 14.860288
  12   35  7.170002 -21.363634 6.612581    7.291639 -20.701323 6.517548    0.121637 0.662311 -0.095033    -5.371459 22.286655 22.336977 -5.421781 13.572664
  13   35  7.957441 -21.388266 6.610674    8.032920 -20.693053 6.526420    0.075478 0.695212 -0.084254    -5.700195 20.732470 20.806122 -5.773848 12.150438
  14   35  8.738806 -21.406785 6.647410    8.762437 -20.664250 6.586411    0.023631 0.742535 -0.060999    -7.591660 19.800293 19.906368 -7.697734 9.646415
   1   36  -1.476808 -21.875698 6.678045    -1.100930 -21.248252 6.686724    0.375877 0.627446 0.008679    -1.558856 10.350647 10.819137 -2.027346 7.895603
   2   36  -0.692773 -21.899634 6.657634    -0.339716 -21.310769 6.674230    0.353057 0.588865 0.016596    -2.749025 10.287415 10.524757 -2.986368 6.737369
   3   36  0.089733 -21.923589 6.651700    0.418673 -21.370086 6.668014    0.328939 0.553503 0.016314    -2.708612 10.183375 10.370065 -2.895302 6.694239
   4   36  0.873361 -21.947916 6.642056    1.183482 -21.416772 6.665553    0.310122 0.531144 0.023497    -2.288455 10.335769 10.474387 -2.427073 7.229677
   5   36  1.656795 -21.971691 6.637556    1.950948 -21.458223 6.660989    0.294153 0.513468 0.023433    -2.076163 10.568345 10.651923 -2.159741 7.631596
   6   36  2.439634 -21.995537 6.640464    2.717926 -21.494132 6.663829    0.278292 0.501405 0.023365    -1.951891 10.732068 10.765220 -1.985042 7.890542
   7   36  3.224838 -22.019850 6.631761    3.491273 -21.527037 6.648255    0.266434 0.492813 0.016494    -1.841285 10.955677 10.967103 -1.852711 8.182081
   8   36  4.010022 -22.044880 6.626762    4.263171 -21.554098 6.638358    0.253150 0.490783 0.011596    -1.922437 11.198315 11.199077 -1.923199 8.307772
   9   36  4.795615 -22.069643 6.622806    5.036113 -21.576296 6.638592    0.240498 0.493347 0.015786    -2.135237 11.552567 11.553952 -2.136623 8.400133
  10   36  5.581758 -22.093541 6.619096    5.807062 -21.595522 6.631677    0.225304 0.498019 0.012581    -2.458104 11.858286 11.872287 -2.472104 8.346589
  11   36  6.368976 -22.117689 6.612371    6.576276 -21.608406 6.622806    0.207300 0.509283 0.010435    -2.980621 12.346579 12.384164 -3.018206 8.250297
  12   36  7.156322 -22.142197 6.608319    7.340915 -21.615567 6.610516    0.184593 0.526630 0.002196    -3.556615 12.949921 12.999408 -3.606102 8.193318
  13   36  7.942678 -22.165737 6.613469    8.098787 -21.606136 6.596763    0.156109 0.559601 -0.016706    -4.173679 13.803296 13.862043 -4.232427 8.292988
  14   36  8.723867 -22.188647 6.651274    8.847679 -21.581518 6.636705    0.123812 0.607129 -0.014569    -2.714094 14.254032 14.558442 -3.018504 9.991397
   1   37  -1.495104 -22.654864 6.696963    -1.176719 -22.095457 6.727527    0.318386 0.559407 0.030564    -0.757189 6.415452 6.718419 -1.060156 5.291404
   2   37  -0.708812 -22.675034 6.662122    -0.403894 -22.142491 6.704793    0.304917 0.532543 0.042671    -1.778643 5.887053 5.940800 -1.832389 3.845740
   3   37  0.073826 -22.698462 6.656003    0.364316 -22.190302 6.704398    0.290490 0.508161 0.048395    -1.518329 4.952351 4.989367 -1.555345 3.247423
   4   37  0.856734 -22.723261 6.651656    1.138528 -22.236383 6.698336    0.281794 0.486878 0.046681    -1.191424 4.291725 4.328220 -1.227920 2.957047
   5   37  1.640655 -22.748230 6.644363    1.914072 -22.275091 6.698441    0.273417 0.473138 0.054077    -1.183995 3.917049 3.943361 -1.210307 2.615104
   6   37  2.425065 -22.772710 6.637701    2.689780 -22.310524 6.695706    0.264714 0.462186 0.058005    -1.022485 3.688196 3.703164 -1.037452 2.560034
   7   37  3.209012 -22.796527 6.637687    3.467850 -22.342903 6.688062    0.258838 0.453623 0.050375    -0.884153 3.644619 3.650156 -0.889689 2.655548
   8   37  3.993854 -22.821299 6.635403    4.245198 -22.373610 6.679158    0.251343 0.447689 0.043755    -0.949289 3.844488 3.845308 -0.950109 2.779216
   9   37  4.779570 -22.845670 6.631264    5.023909 -22.399862 6.674663    0.244339 0.445808 0.043399    -1.119001 4.148187 4.148226 -1.119040 2.896374
  10   37  5.567025 -22.870815 6.619993    5.801982 -22.421076 6.666331    0.234956 0.449739 0.046338    -1.377445 4.589828 4.590698 -1.378315 3.052968
  11   37  6.354171 -22.895382 6.614258    6.578728 -22.439258 6.656904    0.224557 0.456124 0.042646    -1.609355 5.176418 5.183622 -1.616559 3.366019
  12   37  7.140495 -22.920120 6.616770    7.353913 -22.453751 6.650114    0.213418 0.466370 0.033344    -1.937328 6.116612 6.120432 -1.941148 3.902036
  13   37  7.928155 -22.944385 6.614782    8.128633 -22.456728 6.635156    0.200478 0.487657 0.020374    -2.516459 7.482723 7.482754 -2.516491 4.560082
  14   37  8.708731 -22.963417 6.657097    8.889016 -22.442774 6.680600    0.180285 0.520643 0.023503    -1.521351 8.261110 8.315121 -1.575363 6.199082
   1   38  -1.511881 -23.426742 6.706420    -1.226029 -22.904073 6.744626    0.285852 0.522669 0.038206    -0.736900 3.844598 3.889377 -0.781679 2.985425
   2   38  -0.725082 -23.449707 6.668288    -0.448295 -22.947994 6.726531    0.276787 0.501713 0.058243    -1.191254 3.468092 3.474691 -1.197853 2.186347
   3   38  0.058208 -23.474949 6.658151    0.326681 -22.992485 6.720303    0.268473 0.482464 0.062152    -0.809839 2.745341 2.749789 -0.814287 1.877198
   4   38  0.841170 -23.499123 6.654190    1.105136 -23.031963 6.711931    0.263966 0.467160 0.057742    -0.597536 2.195587 2.199809 -0.601759 1.560089
   5   38  1.624413 -23.523524 6.652017    1.883304 -23.068663 6.710279    0.258891 0.454861 0.058262    -0.631661 1.817626 1.825989 -0.640024 1.160649
   6   38  2.409511 -23.549010 6.641380    2.662877 -23.102810 6.709669    0.253367 0.446199 0.068289    -0.538087 1.606850 1.612052 -0.543289 1.048887
   7   38  3.193972 -23.573458 6.638648    3.444281 -23.134778 6.701997    0.250309 0.438679 0.063348    -0.417107 1.473078 1.474257 -0.418285 1.038899
   8   38  3.978668 -23.598289 6.637907    4.226996 -23.164723 6.695952    0.248328 0.433567 0.058045    -0.439830 1.476463 1.476567 -0.439934 1.019633
   9   38  4.764260 -23.622775 6.635116    5.009541 -23.194574 6.684054    0.245281 0.428201 0.048938    -0.592176 1.690537 1.690881 -0.592520 1.076625
  10   38  5.551194 -23.648029 6.627558    5.791337 -23.219074 6.678450    0.240143 0.428955 0.050892    -0.756822 2.099161 2.100044 -0.757704 1.309064
  11   38  6.338091 -23.672600 6.623828    6.572485 -23.241726 6.670560    0.234394 0.430874 0.046732    -0.870656 2.621190 2.623856 -0.873323 1.698279
  12   38  7.124280 -23.697665 6.627581    7.352654 -23.263504 6.662030    0.228374 0.434161 0.034449    -1.039484 3.322951 3.323311 -1.039844 2.199446
  13   38  7.913187 -23.722858 6.618738    8.133755 -23.275961 6.649495    0.220568 0.446897 0.030757    -1.426261 4.350958 4.361260 -1.436563 2.782411
  14   38  8.690535 -23.744516 6.679753    8.896887 -23.278255 6.719127    0.206352 0.466262 0.039374    -1.208406 4.968224 4.970782 -1.210965 3.567634
   1   39  -1.528498 -24.198174 6.714818    -1.259784 -23.702734 6.753342    0.268714 0.495440 0.038523    -1.109740 2.647730 2.679003 -1.141013 1.485037
   2   39  -0.741174 -24.224486 6.673222    -0.483432 -23.743630 6.740186    0.257742 0.480856 0.066964    -0.765312 2.299128 2.301699 -0.767884 1.493497
   3   39  0.042434 -24.250202 6.661516    0.296431 -23.782635 6.732391    0.253998 0.467567 0.070875    -0.425208 1.657267 1.657300 -0.425241 1.210187
   4   39  0.825499 -24.275257 6.657397    1.076348 -23.819658 6.722633    0.250849 0.455599 0.065237    -0.299046 1.205516 1.205714 -0.299245 0.894783
   5   39  1.608578 -24.300335 6.656838    1.857461 -23.854503 6.721103    0.248884 0.445831 0.064265    -0.330861 0.913304 0.913306 -0.330864 0.576083
   6   39  2.393220 -24.325240 6.649792    2.639354 -23.886976 6.714771    0.246134 0.438263 0.064979    -0.317243 0.749612 0.749657 -0.317288 0.428149
   7   39  3.178085 -24.349596 6.645065    3.422746 -23.917953 6.710327    0.244660 0.431643 0.065262    -0.214000 0.700767 0.700767 -0.214000 0.482924
   8   39  3.963719 -24.374464 6.639050    4.206997 -23.948212 6.702590    0.243278 0.426252 0.063541    -0.167329 0.692001 0.692554 -0.167882 0.520783
   9   39  4.748815 -24.399505 6.639864    4.991192 -23.978089 6.694645    0.242377 0.421416 0.054781    -0.266003 0.825810 0.826944 -0.267137 0.554506
  10   39  5.535176 -24.424813 6.636333    5.774762 -24.007518 6.687441    0.239586 0.417294 0.051108    -0.349335 1.041439 1.042356 -0.350252 0.683746
  11   39  6.321474 -24.449771 6.636631    6.559106 -24.034694 6.676819    0.237632 0.415078 0.040188    -0.456391 1.369635 1.370828 -0.457583 0.898820
  12   39  7.109130 -24.474818 6.632222    7.341768 -24.057460 6.674676    0.232639 0.417358 0.042454    -0.635600 1.867390 1.873555 -0.641765 1.205068
  13   39  7.898139 -24.500361 6.623299    8.125746 -24.078182 6.662490    0.227607 0.422180 0.039191    -0.875009 2.684422 2.695937 -0.886524 1.754191
  14   39  8.678733 -24.526616 6.665838    8.900496 -24.095177 6.719686    0.221764 0.431439 0.053848    -0.366129 3.201819 3.201857 -0.366167 2.746408
   1   40  -1.543106 -24.973219 6.708800    -1.293007 -24.497176 6.766021    0.250099 0.476043 0.057221    -0.348414 1.481346 1.605887 -0.472954 1.112815
   2   40  -0.758173 -24.999135 6.684346    -0.512082 -24.530876 6.754283    0.246091 0.468259 0.069937    -0.390265 1.289381 1.297907 -0.398793 0.886019
   3   40  0.025717 -25.025320 6.671216    0.269778 -24.566635 6.743929    0.244061 0.458685 0.072713    -0.208089 0.934323 0.936085 -0.209851 0.719062
   4   40  0.809370 -25.051024 6.663687    1.052040 -24.601132 6.734094    0.242670 0.449892 0.070407    -0.145112 0.648271 0.653899 -0.150740 0.499664
   5   40  1.593154 -25.076585 6.659075    1.835281 -24.634764 6.726917    0.242127 0.441821 0.067842    -0.174828 0.483706 0.485353 -0.176475 0.307076
   6   40  2.376919 -25.101246 6.658318    2.617427 -24.665777 6.722890    0.240508 0.435469 0.064572    -0.176265 0.407884 0.408000 -0.176381 0.230367
   7   40  3.161561 -25.125357 6.655565    3.400050 -24.696703 6.718548    0.238489 0.428654 0.062983    -0.137989 0.386683 0.386683 -0.137989 0.247546
   8   40  3.948333 -25.151274 6.642860    4.185269 -24.728680 6.708324    0.236936 0.422594 0.065464    -0.097061 0.383258 0.387022 -0.100825 0.284992
   9   40  4.733914 -25.177054 6.641210    4.970475 -24.759234 6.703165    0.236561 0.417820 0.061955    -0.124224 0.435973 0.437897 -0.126148 0.310231
  10   40  5.520324 -25.202279 6.638017    5.755514 -24.789797 6.693428    0.235190 0.412482 0.055411    -0.143719 0.547288 0.549935 -0.146366 0.401149
  11   40  6.306875 -25.228045 6.637330    6.541919 -24.818521 6.685688    0.235044 0.409525 0.048359    -0.223384 0.783349 0.795242 -0.235277 0.554997
  12   40  7.094764 -25.253923 6.632077    7.326934 -24.845766 6.680974    0.232170 0.408156 0.048897    -0.394383 1.163310 1.174674 -0.405747 0.758366
  13   40  7.882877 -25.279454 6.628966    8.111878 -24.872620 6.670734    0.229001 0.406834 0.041768    -0.476507 1.821297 1.823091 -0.478301 1.318455
  14   40  8.658994 -25.299500 6.698271    8.883068 -24.892996 6.742767    0.224074 0.406504 0.044496    -0.440429 2.188685 2.195517 -0.447262 1.708730
   1   41  -1.559385 -25.746958 6.714511    -1.323767 -25.276581 6.768923    0.235618 0.470377 0.054412             
   2   41  -0.774796 -25.774704 6.692786    -0.536986 -25.313609 6.766129    0.237810 0.461095 0.073342    -0.136962 0.883084 0.886516 -0.140395 0.739370
   3   41  0.009345 -25.801448 6.678478    0.245908 -25.347030 6.751102    0.236562 0.454418 0.072624    -0.121276 0.611006 0.611395 -0.121664 0.486607
   4   41  0.793590 -25.827447 6.667592    1.029799 -25.380784 6.740011    0.236209 0.446663 0.072419    -0.080514 0.472440 0.481169 -0.089243 0.389970
   5   41  1.577920 -25.853258 6.660030    1.812765 -25.414107 6.731430    0.234845 0.439151 0.071400    -0.129218 0.440530 0.440538 -0.129227 0.309780
   6   41  2.361122 -25.878067 6.663527    2.594351 -25.445515 6.729481    0.233229 0.432552 0.065955    -0.142125 0.378454 0.382798 -0.146469 0.235214
   7   41  3.146419 -25.904127 6.657010    3.379383 -25.478069 6.724580    0.232965 0.426058 0.067569    -0.131451 0.387841 0.389068 -0.132679 0.255221
   8   41  3.932373 -25.929288 6.650120    4.164214 -25.508847 6.716735    0.231842 0.420441 0.066616    -0.089058 0.350183 0.351502 -0.090377 0.260129
   9   41  4.718117 -25.954676 6.648065    4.949381 -25.538891 6.712548    0.231264 0.415786 0.064483    -0.084604 0.258213 0.258566 -0.084957 0.173089
  10   41  5.504689 -25.980494 6.644377    5.734779 -25.571244 6.703971    0.230090 0.409250 0.059593    -0.075383 0.537608 0.541426 -0.079202 0.459673
  11   41  6.291995 -26.006407 6.639723    6.521466 -25.602342 6.698162    0.229471 0.404065 0.058439    -0.118672 0.788254 0.800732 -0.131150 0.664092
  12   41  7.079596 -26.031845 6.636812    7.308242 -25.631453 6.690892    0.228646 0.400392 0.054080    -0.273600 1.016578 1.020987 -0.278009 0.734701
  13   41  7.867143 -26.057100 6.637565    8.093450 -25.660890 6.685757    0.226308 0.396210 0.048192    -0.377485 1.386102 1.387638 -0.379020 0.993391
  14   41  8.642704 -26.077255 6.710538    8.867505 -25.687598 6.765978    0.224801 0.389657 0.055439             
